0  99.8503  0.347138  0  0  2.08283
1  100  0.35  0  0  2.1
2  85.9999  0.35  0  0  2.1
3  58.0212  0.349996  0  0  2.09997
4  100  0.345133  0  0  2.0708
5  74.4539  0.35  0  0  2.1
6  100  0.35  0  0  2.1
7  0  0.216349  0  0  1.2981
8  86.1763  0.349964  0  0  2.09978
9  56.1157  0.35  0  0  2.1
10  87.3931  0.349712  0  0  2.09827
11  100  0.35  0  0  2.1
12  86.0065  0.349999  0  0  2.09999
13  100  0.35  0  0  2.1
14  99.9993  0.341464  0  0  2.04878
15  54.0686  0.35  0  0  2.1
16  98.6302  0.345436  0  0  2.07261
17  82.0254  0.349994  0  0  2.09996
18  100  0.35  0  0  2.1
19  100  0.34957  0  0  2.09742
20  86.0065  0.349999  0  0  2.09999
21  86.0009  0.35  0  0  2.1
22  99.5252  0.34969  0  0  2.09814
23  100  0.343692  0  0  2.06215
24  98.0005  0.35  0  0  2.1
25  98.0165  0.349997  0  0  2.09998
26  59.8416  0.35  0  0  2.1
27  100  0.35  0  0  2.1
28  99.8108  0.347143  0  0  2.08286
29  50  0.35  0  0  2.1
30  72.0144  0.35  0  0  2.1
31  46.1031  0.349979  0  0  2.09987
32  94.5886  0.339964  0  0  2.03978
33  98.0001  0.35  0  0  2.1
34  46.0498  0.34999  0  0  2.09994
35  58.5496  0.349888  0  0  2.09933
36  100  0.342724  0  0  2.05634
37  98.9216  0.349813  0  0  2.09888
38  100  0.35  0  0  2.1
39  100  0.35  0  0  2.1
40  46.0001  0.35  0  0  2.1
41  48.4174  0.349501  0  0  2.097
42  97.9989  0.35  0  0  2.1
43  100  0.35  0  0  2.1
44  100  0.341304  0  0  2.04782
45  100  0.347085  0  0  2.08251
46  100  0.341992  0  0  2.05195
47  51.8852  0.35  0  0  2.1
48  96.6581  0.35  0  0  2.1
49  94  0.35  0  0  2.1
50  99.9537  0.341462  0  0  2.04877
51  74.4466  0.349906  0  0  2.09944
52  100  0.349593  0  0  2.09756
53  100  0.35  0  0  2.1
54  67.4478  0.35  0  0  2.1
55  85.9988  0.35  0  0  2.1
56  78.0002  0.35  0  0  2.1
57  73.9998  0.35  0  0  2.1
58  66  0.35  0  0  2.1
59  41.1824  0.35  0  0  2.1
60  93.8126  0.35  0  0  2.1
61  99.6681  0.30088  0  0  1.80528
62  100  0.35  0  0  2.1
63  100  0.35  0  0  2.1
64  100  0.345794  0  0  2.07477
65  99.9193  0.344555  0  0  2.06733
66  49.8374  0.35  0  0  2.1
67  88.6476  0.347647  0  0  2.08588
68  86.9824  0.349797  0  0  2.09878
69  100  0.343801  0  0  2.06281
70  53.1915  0.35  0  0  2.1
71  46.0031  0.349999  0  0  2.1
72  51.8793  0.35  0  0  2.1
73  100  0.344538  0  0  2.06723
74  73.9989  0.35  0  0  2.1
75  85.9996  0.35  0  0  2.1
76  0  0  0  0  0
77  100  0.35  0  0  2.1
78  81.9998  0.35  0  0  2.1
79  100  0.341463  0  0  2.04878
80  62.0339  0.349993  0  0  2.09996
81  100  0.345133  0  0  2.0708
82  100  0.35  0  0  2.1
83  100  0.341912  0  0  2.05147
84  100  0.336345  0  0  2.01807
85  82.5428  0.35  0  0  2.1
86  0  0  0  0  0
87  82.2662  0.35  0  0  2.1
88  100  0.33945  0  0  2.0367
89  46.0241  0.349995  0  0  2.09997
90  99.9911  0.347109  0  0  2.08266
91  86.0757  0.349984  0  0  2.09991
92  98.031  0.349994  0  0  2.09996
93  86.0131  0.349997  0  0  2.09998
94  100  0.349515  0  0  2.09709
95  100  0.35  0  0  2.1
96  94.0001  0.35  0  0  2.1
97  100  0.345133  0  0  2.0708
98  58.1486  0.35  0  0  2.1
99  58.2642  0.349946  0  0  2.09968
100  86.747  0.35  0  0  2.1
101  100  0.343812  0  0  2.06287
102  100  0.35  0  0  2.1
103  98.2713  0.347465  0  0  2.08479
104  100  0.34539  0  0  2.07234
105  50.9374  0.35  0  0  2.1
106  60.0073  0.35  0  0  2.1
107  77.9987  0.35  0  0  2.1
108  99.0953  0.347296  0  0  2.08378
109  86.389  0.34992  0  0  2.09952
110  58.0005  0.35  0  0  2.1
111  100  0.35  0  0  2.1
112  100  0.35  0  0  2.1
113  100  0.340727  0  0  2.04436
114  100  0.35  0  0  2.1
115  34.002  0.35  0  0  2.1
116  80.6912  0.35  0  0  2.1
117  86.0025  0.349999  0  0  2.1
118  49.369  0.311104  0  0  1.86662
119  86  0.35  0  0  2.1
120  66.0003  0.35  0  0  2.1
121  100  0.333897  0  0  2.00338
122  100  0.35  0  0  2.1
123  92.7046  0.35  0  0  2.1
124  58.2521  0.35  0  0  2.1
125  100  0.345866  0  0  2.07519
126  81.5685  0.35  0  0  2.1
127  74.0052  0.349999  0  0  2.09999
128  78.7925  0.35  0  0  2.1
129  76.3821  0.35  0  0  2.1
130  100  0.35  0  0  2.1
131  74.0001  0.35  0  0  2.1
132  100  0.348725  0  0  2.09235
133  100  0.35  0  0  2.1
134  100  0.34544  0  0  2.07264
135  46.7449  0.35  0  0  2.1
136  84.8858  0.35  0  0  2.1
137  69.6666  0.349179  0  0  2.09507
138  66.9981  0.35  0  0  2.1
139  20.2177  0.35  0  0  2.1
140  100  0.35  0  0  2.1
141  100  0.35  0  0  2.1
142  85.9998  0.35  0  0  2.1
143  100  0.344653  0  0  2.06792
144  66.0109  0.349998  0  0  2.09999
145  100  0.35  0  0  2.1
146  100  0.342857  0  0  2.05714
147  99.8025  0.347148  0  0  2.08289
148  100  0.341463  0  0  2.04878
149  100  0.348624  0  0  2.09174
150  46.5466  0.349887  0  0  2.09932
151  100  0.347107  0  0  2.08264
152  95.9701  0.345384  0  0  2.07231
153  100  0.35  0  0  2.1
154  100  0.35  0  0  2.1
155  99.5725  0.35  0  0  2.1
156  72.6473  0.35  0  0  2.1
157  100  0.35  0  0  2.1
158  100  0.311927  0  0  1.87156
159  100  0.35  0  0  2.1
160  100  0.344538  0  0  2.06723
161  100  0.35  0  0  2.1
162  0  0  0  0  0
163  0  0  0  0  0
164  0  0  0  0  0
165  0  0  0  0  0
166  0  0  0  0  0
167  0  0  0  0  0
168  0  0  0  0  0
169  0  0  0  0  0
170  0  0  0  0  0
171  0  0  0  0  0
172  0  0  0  0  0
173  0  0  0  0  0
174  0  0  0  0  0
