0  -0.867708  0.281565  2.47515e-07  0  1.68939
1  37.3646  0.281737  -3.8555e-07  0  1.69042
2  27.0842  0.275748  7.48386e-08  0  1.65449
3  10.841  0.275131  4.43074e-07  0  1.65078
4  5.21545  0.278411  2.70488e-07  0  1.67047
5  14.4007  0.274113  1.41079e-07  0  1.64468
6  23.503  0.276377  9.18152e-08  0  1.65826
7  39.7385  0.267919  -3.63646e-07  0  1.60752
8  23.988  0.277939  1.60612e-07  0  1.66764
9  32.6708  0.271624  -2.63108e-07  0  1.62974
10  19.1977  0.274013  2.22415e-07  0  1.64408
11  4.11  0.276861  2.11598e-07  0  1.66117
12  21.8214  0.274536  8.86837e-08  0  1.64721
13  0.601104  0.276693  2.94149e-07  0  1.66016
14  12.871  0.271304  7.51551e-08  0  1.62782
15  6.05641  0.27997  3.58825e-07  0  1.67982
16  1.79908  0.27535  3.37305e-07  0  1.6521
17  47.8233  0.272728  -4.74671e-07  0  1.63637
18  16.5258  0.278524  2.78843e-07  0  1.67114
19  6.2982  0.287207  2.5684e-07  0  1.72324
20  8.55867  0.281641  5.00929e-07  0  1.68984
21  26.9798  0.273256  4.82652e-08  0  1.63954
22  11.3838  0.279901  2.99542e-07  0  1.67941
23  2.84873  0.276844  2.82935e-07  0  1.66106
24  15.3403  0.276773  2.51534e-07  0  1.66064
25  6.97696  0.280119  3.63036e-07  0  1.68071
26  5.59725  0.277277  4.9761e-07  0  1.66366
27  25.1849  0.273191  2.80427e-07  0  1.63915
28  23.6085  0.272985  2.49978e-08  0  1.63791
29  -1.1984  0.275903  6.39126e-07  0  1.65542
30  -0.89099  0.276414  5.16031e-07  0  1.65848
31  6.14385  0.271532  1.21748e-07  0  1.62919
32  14.2663  0.27374  1.85529e-07  0  1.64244
33  22.5726  0.286947  -5.92483e-07  0  1.72168
34  10.4442  0.274792  2.53226e-07  0  1.64875
35  0.974836  0.292048  4.69561e-07  0  1.75229
36  -0.416326  0.277502  3.44253e-07  0  1.66501
37  9.49343  0.278458  3.587e-07  0  1.67075
38  2.83853  0.275311  7.43248e-07  0  1.65186
39  4.22772  0.276438  3.66112e-07  0  1.65863
40  17.6575  0.272173  8.88459e-08  0  1.63304
41  -5.72827  0.288577  5.67362e-07  0  1.73146
42  9.5698  0.280031  1.36865e-07  0  1.68019
43  -7.83747  0.279963  4.09059e-07  0  1.67978
44  23.2287  0.272349  -2.09686e-07  0  1.63409
45  6.39226  0.272494  4.60942e-07  0  1.63497
46  -7.94223  0.284494  3.74081e-07  0  1.70697
47  -0.703746  0.279155  5.79562e-07  0  1.67493
48  3.38534  0.281554  2.67689e-07  0  1.68932
49  -0.175604  0.286429  3.87847e-07  0  1.71857
50  4.98698  0.276511  3.44931e-07  0  1.65907
51  39.4413  0.279852  8.00408e-08  0  1.67911
52  23.5673  0.27464  1.4287e-07  0  1.64784
53  15.6177  0.278359  2.61709e-07  0  1.67015
54  -10.0647  0.281274  7.10361e-07  0  1.68765
55  6.60548  0.277124  2.69545e-07  0  1.66274
56  -3.97302  0.278453  1.89244e-07  0  1.67072
57  49.8271  0.272113  -2.52432e-07  0  1.63268
58  -0.690827  0.277649  5.8401e-07  0  1.66589
59  21.2626  0.273802  1.75064e-07  0  1.64281
60  5.43761  0.274371  1.49063e-07  0  1.64623
61  7.50243  0.281314  4.72524e-07  0  1.68789
62  2.94259  0.280677  4.15013e-07  0  1.68406
63  14.4088  0.27531  2.34476e-07  0  1.65186
64  0.930138  0.276604  5.0281e-07  0  1.65962
65  26.8357  0.27052  1.54851e-07  0  1.62312
66  22.7342  0.273427  -1.22831e-08  0  1.64056
67  -8.40694  0.278877  4.7897e-07  0  1.67326
68  4.88973  0.277506  4.52097e-07  0  1.66504
69  -23.0758  0.28116  1.10936e-06  0  1.68696
70  1.72663  0.276642  4.71118e-07  0  1.65985
71  4.33848  0.281333  6.01742e-07  0  1.688
72  -1.68676  0.273609  2.58663e-07  0  1.64166
73  -3.99551  0.285948  8.47787e-07  0  1.71569
74  14.616  0.273509  2.48647e-07  0  1.64105
75  -1.1905  0.278815  4.49224e-07  0  1.67289
76  0  0  0  0  0
77  16.4948  0.282558  4.1941e-07  0  1.69535
78  23.0447  0.275153  7.8336e-08  0  1.65092
79  9.71391  0.293829  -4.94793e-07  0  1.76297
80  13.1758  0.27105  3.03302e-07  0  1.6263
81  14.4198  0.283067  2.63267e-07  0  1.6984
82  8.24067  0.276822  3.46976e-07  0  1.66093
83  11.7932  0.275192  2.90628e-07  0  1.65115
84  -0.893404  0.274732  3.78922e-07  0  1.64839
85  16.5953  0.274396  3.54172e-07  0  1.64638
86  0  0  0  0  0
87  6.4495  0.277438  5.31194e-07  0  1.66463
88  11.4423  0.270919  2.93371e-07  0  1.62552
89  -2.39712  0.275758  5.72234e-07  0  1.65455
90  15.8736  0.271184  2.53855e-07  0  1.6271
91  18.825  0.275266  1.04176e-07  0  1.6516
92  2.98769  0.276593  3.73946e-07  0  1.65956
93  17.7035  0.274567  1.61031e-07  0  1.6474
94  8.02983  0.278802  4.17638e-07  0  1.67281
95  4.10721  0.297123  6.00556e-07  0  1.78274
96  33.1975  0.276684  -2.01661e-07  0  1.6601
97  9.64086  0.272746  8.19651e-08  0  1.63648
98  13.2618  0.275039  1.55232e-07  0  1.65024
99  21.4583  0.275726  2.35087e-07  0  1.65435
100  13.8414  0.274138  1.01595e-08  0  1.64483
101  22.8104  0.266639  1.1598e-07  0  1.59984
102  17.3874  0.271702  2.7057e-07  0  1.63021
103  9.22744  0.276546  1.63292e-07  0  1.65928
104  5.93661  0.27046  3.34812e-07  0  1.62276
105  0.410013  0.274797  4.64583e-07  0  1.64878
106  13.2084  0.276322  2.16324e-07  0  1.65793
107  -7.70402  0.27717  5.37668e-07  0  1.66302
108  16.4329  0.274433  3.38752e-07  0  1.6466
109  1.05894  0.276983  2.40148e-07  0  1.6619
110  22.8668  0.278021  7.6523e-08  0  1.66813
111  26.2521  0.276012  2.77144e-07  0  1.65607
112  41.4256  0.275041  -1.96036e-07  0  1.65025
113  -1.47265  0.27693  5.96501e-07  0  1.66158
114  -1.9765  0.282427  4.02226e-07  0  1.69456
115  2.50501  0.276284  2.76934e-07  0  1.6577
116  3.28982  0.278721  4.78238e-07  0  1.67233
117  -4.75615  0.282004  3.45424e-07  0  1.69202
118  1.90427  0.277774  4.06628e-07  0  1.66664
119  -3.95963  0.279169  4.51095e-07  0  1.67502
120  2.88229  0.275643  4.86615e-07  0  1.65386
121  5.12286  0.273993  2.34663e-07  0  1.64396
122  26.8932  0.273316  -2.67664e-07  0  1.6399
123  -1.97812  0.275438  2.94877e-07  0  1.65263
124  11.3032  0.271187  1.31861e-07  0  1.62712
125  10.876  0.271794  3.82896e-07  0  1.63076
126  10.8804  0.276926  2.82731e-07  0  1.66155
127  7.06351  0.276777  4.17054e-07  0  1.66066
128  2.31635  0.278719  6.56378e-07  0  1.67232
129  15.5309  0.271923  2.9072e-07  0  1.63154
130  16.0642  0.273882  1.74302e-07  0  1.64329
131  7.58677  0.275477  3.46278e-07  0  1.65286
132  41.9622  0.269218  -3.98567e-07  0  1.61531
133  6.6323  0.278826  3.37338e-07  0  1.67295
134  3.15139  0.276693  2.00499e-07  0  1.66016
135  4.96919  0.277965  3.97773e-07  0  1.66779
136  19.4223  0.272358  7.62045e-08  0  1.63415
137  -3.87424  0.277544  3.65073e-07  0  1.66526
138  4.06747  0.27609  5.02485e-07  0  1.65654
139  16.812  0.273574  2.33193e-07  0  1.64145
140  10.051  0.280813  2.50093e-07  0  1.68488
141  4.32982  0.276096  4.89805e-07  0  1.65657
142  17.9648  0.274776  2.38596e-07  0  1.64865
143  4.53189  0.279991  2.87369e-08  0  1.67995
144  15.1772  0.272756  2.77079e-07  0  1.63654
145  15.3434  0.277032  1.10639e-07  0  1.66219
146  3.4559  0.270355  2.15537e-07  0  1.62213
147  13.1978  0.272095  2.37392e-07  0  1.63257
148  15.2394  0.280669  1.4968e-07  0  1.68402
149  15.7279  0.27474  2.05351e-07  0  1.64844
150  -12.0917  0.277456  7.42624e-07  0  1.66474
151  12.5956  0.276331  2.32178e-07  0  1.65799
152  4.09311  0.26897  1.48078e-07  0  1.61382
153  12.1978  0.276066  2.45809e-07  0  1.6564
154  -1.49833  0.279229  8.00669e-07  0  1.67538
155  31.4659  0.272748  -7.11584e-08  0  1.63649
156  13.0221  0.281581  3.5111e-07  0  1.68949
157  0.241939  0.273655  1.77082e-07  0  1.64193
158  30.0409  0.274792  -1.00749e-07  0  1.64875
159  20.5135  0.278723  1.64881e-07  0  1.67234
160  35.9918  0.27471  -2.39062e-07  0  1.64826
161  12.9942  0.277099  2.06786e-07  0  1.66259
162  0  0  0  0  0
163  0  0  0  0  0
164  0  0  0  0  0
165  0  0  0  0  0
166  0  0  0  0  0
167  0  0  0  0  0
168  0  0  0  0  0
169  0  0  0  0  0
170  0  0  0  0  0
171  0  0  0  0  0
172  0  0  0  0  0
173  0  0  0  0  0
174  0  0  0  0  0
