0  36.6914  0.346783  0  0  2.0807
1  29.9648  0.346906  0  0  2.08144
2  28.3808  0.347268  0  0  2.08361
3  23.0093  0.342306  0  0  2.05384
4  24.2665  0.344596  0  0  2.06758
5  39.8966  0.341354  0  0  2.04812
6  2.27499  0.351641  0  0  2.10985
7  29.8605  0.344829  0  0  2.06897
8  32.1975  0.343798  0  0  2.06279
9  16.8581  0.344157  0  0  2.06494
10  8.03811  0.347318  0  0  2.08391
11  8.41013  0.348517  0  0  2.0911
12  47.6078  0.34296  0  0  2.05776
13  65.2096  0.337957  0  0  2.02774
14  79.1124  0.335452  0  0  2.01271
15  -1.23221  0.349559  0  0  2.09735
16  2.45559  0.345599  0  0  2.07359
17  27.4972  0.345927  0  0  2.07556
18  21.8226  0.346949  0  0  2.0817
19  46.0862  0.345072  0  0  2.07043
20  29.5489  0.343997  0  0  2.06398
21  34.6768  0.342297  0  0  2.05378
22  30.1438  0.346493  0  0  2.07896
23  6.65197  0.34791  0  0  2.08746
24  19.0272  0.349206  0  0  2.09524
25  22.9007  0.345982  0  0  2.07589
26  0.352274  0.349509  0  0  2.09705
27  38.3211  0.3388  0  0  2.0328
28  38.2587  0.343466  0  0  2.0608
29  0.869659  0.345391  0  0  2.07235
30  19.3431  0.343401  0  0  2.0604
31  18.1775  0.340043  0  0  2.04026
32  14.8356  0.343897  0  0  2.06338
33  48.1335  0.338756  0  0  2.03254
34  22.3914  0.34307  0  0  2.05842
35  20.5456  0.34369  0  0  2.06214
36  1.32435  0.348456  0  0  2.09074
37  6.00283  0.346484  0  0  2.0789
38  15.0231  0.343976  0  0  2.06385
39  32.0857  0.347577  0  0  2.08546
40  -15.5884  0.350821  0  0  2.10492
41  20.315  0.350062  0  0  2.10037
42  20.8356  0.348436  0  0  2.09062
43  19.0406  0.343424  0  0  2.06055
44  18.3815  0.347079  0  0  2.08247
45  -10.0115  0.349042  0  0  2.09425
46  3.77743  0.350135  0  0  2.10081
47  -4.44008  0.348224  0  0  2.08934
48  8.03251  0.35157  0  0  2.10942
49  12.595  0.350303  0  0  2.10182
50  41.7547  0.344054  0  0  2.06432
51  3.48091  0.348729  0  0  2.09238
52  21.2866  0.345841  0  0  2.07505
53  67.577  0.337129  0  0  2.02277
54  4.22504  0.348784  0  0  2.0927
55  29.6519  0.342279  0  0  2.05367
56  17.7312  0.345931  0  0  2.07559
57  34.916  0.344388  0  0  2.06633
58  13.4734  0.348803  0  0  2.09282
59  12.1082  0.34654  0  0  2.07924
60  16.0848  0.345434  0  0  2.0726
61  27.566  0.354877  0  0  2.12926
62  34.4922  0.347433  0  0  2.0846
63  28.7251  0.343698  0  0  2.06219
64  18.0696  0.343825  0  0  2.06295
65  10.2826  0.341917  0  0  2.0515
66  -0.0751955  0.34706  0  0  2.08236
67  21.1103  0.355853  0  0  2.13512
68  36.5672  0.338936  0  0  2.03362
69  14.6066  0.340471  0  0  2.04282
70  1.54861  0.346193  0  0  2.07716
71  22.3169  0.341998  0  0  2.05199
72  10.7803  0.342153  0  0  2.05292
73  20.4586  0.345357  0  0  2.07214
74  6.09112  0.34184  0  0  2.05104
75  9.45556  0.344595  0  0  2.06757
76  0  0  0  0  0
77  43.2856  0.343671  0  0  2.06203
78  35.7443  0.338354  0  0  2.03012
79  66.7557  0.339929  0  0  2.03958
80  15.0769  0.347334  0  0  2.084
81  22.3464  0.355918  0  0  2.13551
82  12.4034  0.351085  0  0  2.10651
83  13.8466  0.348876  0  0  2.09326
84  6.69193  0.343737  0  0  2.06242
85  9.61434  0.345089  0  0  2.07054
86  0  0  0  0  0
87  22.7388  0.343478  0  0  2.06087
88  -3.76262  0.341926  0  0  2.05156
89  -0.378355  0.342718  0  0  2.05631
90  40.2051  0.33615  0  0  2.0169
91  56.3194  0.33832  0  0  2.02992
92  18.1431  0.340776  0  0  2.04466
93  32.4912  0.342692  0  0  2.05615
94  32.4346  0.343324  0  0  2.05994
95  65.2334  0.339116  0  0  2.03469
96  45.5099  0.344665  0  0  2.06799
97  50.7209  0.33951  0  0  2.03706
98  -1.74655  0.349087  0  0  2.09452
99  34.1219  0.347057  0  0  2.08234
100  13.3036  0.348937  0  0  2.09362
101  18.8301  0.33997  0  0  2.03982
102  5.92461  0.346519  0  0  2.07911
103  1.35486  0.346908  0  0  2.08145
104  17.725  0.341584  0  0  2.0495
105  3.10937  0.34486  0  0  2.06916
106  5.53198  0.345229  0  0  2.07137
107  20.3291  0.338277  0  0  2.02966
108  37.0015  0.339909  0  0  2.03946
109  35.3119  0.339255  0  0  2.03553
110  4.27118  0.346531  0  0  2.07919
111  21.1958  0.344422  0  0  2.06653
112  44.5739  0.345933  0  0  2.0756
113  15.834  0.33767  0  0  2.02602
114  88.1603  0.388389  0  0  2.33033
115  0.584847  0.348921  0  0  2.09353
116  33.8611  0.343668  0  0  2.06201
117  3.95834  0.346075  0  0  2.07645
118  -0.115456  0.349075  0  0  2.09445
119  22.2116  0.343515  0  0  2.06109
120  -4.85951  0.347999  0  0  2.08799
121  15.9207  0.343915  0  0  2.06349
122  46.5923  0.342379  0  0  2.05427
123  58.1647  0.337712  0  0  2.02627
124  1.01279  0.344762  0  0  2.06857
125  5.52811  0.343073  0  0  2.05844
126  3.30789  0.349196  0  0  2.09518
127  9.51855  0.345892  0  0  2.07535
128  22.8092  0.348013  0  0  2.08808
129  11.7247  0.343461  0  0  2.06077
130  52.0544  0.338405  0  0  2.03043
131  0.130703  0.347721  0  0  2.08633
132  17.2032  0.347656  0  0  2.08593
133  29.5138  0.343559  0  0  2.06135
134  46.7069  0.342711  0  0  2.05627
135  8.13973  0.345438  0  0  2.07263
136  7.42257  0.345132  0  0  2.07079
137  -13.0873  0.347394  0  0  2.08437
138  51.0989  0.340237  0  0  2.04142
139  11.6697  0.348287  0  0  2.08972
140  -5.91994  0.350678  0  0  2.10407
141  1.16958  0.345696  0  0  2.07418
142  25.3561  0.341391  0  0  2.04834
143  7.26197  0.348964  0  0  2.09379
144  15.8214  0.3436  0  0  2.0616
145  37.5324  0.341018  0  0  2.04611
146  2.06857  0.345192  0  0  2.07115
147  27.072  0.34415  0  0  2.0649
148  50.9089  0.340851  0  0  2.04511
149  27.2027  0.341657  0  0  2.04994
150  5.88574  0.342424  0  0  2.05454
151  20.0735  0.347232  0  0  2.08339
152  -0.452491  0.340953  0  0  2.04572
153  53.819  0.336691  0  0  2.02015
154  12.4672  0.340625  0  0  2.04375
155  44.4425  0.341311  0  0  2.04786
156  -0.174923  0.349464  0  0  2.09678
157  80.7171  0.340787  0  0  2.04472
158  82.9234  0.397773  0  0  2.38664
159  45.0785  0.344574  0  0  2.06745
160  15.9833  0.345852  0  0  2.07511
161  47.2814  0.339944  0  0  2.03966
162  0  0  0  0  0
163  0  0  0  0  0
164  0  0  0  0  0
165  0  0  0  0  0
166  0  0  0  0  0
167  0  0  0  0  0
168  0  0  0  0  0
169  0  0  0  0  0
170  0  0  0  0  0
171  0  0  0  0  0
172  0  0  0  0  0
173  0  0  0  0  0
174  0  0  0  0  0
