0  -2.0785  0.280852  0  0  1.68511
1  51.487  0.275861  0  0  1.65517
2  18.4812  0.277205  0  0  1.66323
3  21.1383  0.278744  0  0  1.67246
4  14.2312  0.280135  0  0  1.68081
5  16.7754  0.279681  0  0  1.67809
6  3.16805  0.278669  0  0  1.67202
7  37.1353  0.273955  0  0  1.64373
8  50.92  0.277724  0  0  1.66634
9  29.1851  0.272409  0  0  1.63445
10  12.6459  0.279144  0  0  1.67487
11  4.79396  0.28007  0  0  1.68042
12  22.1523  0.278459  0  0  1.67076
13  2.6118  0.279391  0  0  1.67635
14  11.7755  0.277559  0  0  1.66535
15  -3.00696  0.281057  0  0  1.68634
16  -6.89468  0.281037  0  0  1.68622
17  44.3538  0.273835  0  0  1.64301
18  12.8285  0.280022  0  0  1.68013
19  41.3056  0.280222  0  0  1.68133
20  8.71141  0.28289  0  0  1.69734
21  27.9004  0.276966  0  0  1.6618
22  15.0215  0.282081  0  0  1.69249
23  0.291929  0.279136  0  0  1.67482
24  13.5657  0.279529  0  0  1.67717
25  14.5787  0.280523  0  0  1.68314
26  0.178681  0.279181  0  0  1.67508
27  22.8218  0.27636  0  0  1.65816
28  23.7294  0.275684  0  0  1.6541
29  -8.15673  0.280085  0  0  1.68051
30  -0.383995  0.280683  0  0  1.6841
31  14.7304  0.276587  0  0  1.65952
32  5.31703  0.278015  0  0  1.66809
33  27.0227  0.278849  0  0  1.67309
34  14.7779  0.277924  0  0  1.66754
35  18.1817  0.281053  0  0  1.68632
36  5.23581  0.278894  0  0  1.67336
37  1.08814  0.279845  0  0  1.67907
38  -4.84465  0.279825  0  0  1.67895
39  7.32728  0.27941  0  0  1.67646
40  -3.52302  0.277333  0  0  1.664
41  18.9981  0.27934  0  0  1.67604
42  9.36118  0.279234  0  0  1.6754
43  -9.64797  0.280929  0  0  1.68558
44  31.1084  0.273366  0  0  1.64019
45  -10.4356  0.276752  0  0  1.66051
46  23.7642  0.278804  0  0  1.67282
47  2.1526  0.27912  0  0  1.67472
48  4.41504  0.279588  0  0  1.67753
49  13.2134  0.281069  0  0  1.68641
50  11.8935  0.278122  0  0  1.66873
51  42.7368  0.276697  0  0  1.66018
52  25.0964  0.277656  0  0  1.66594
53  31.2228  0.279129  0  0  1.67477
54  -10.9073  0.281497  0  0  1.68898
55  13.2155  0.279615  0  0  1.67769
56  11.5512  0.277813  0  0  1.66688
57  40.1641  0.276706  0  0  1.66024
58  -1.47162  0.278316  0  0  1.66989
59  16.0289  0.278811  0  0  1.67287
60  10.294  0.279286  0  0  1.67572
61  -2.17203  0.281123  0  0  1.68674
62  2.08248  0.281306  0  0  1.68784
63  10.6673  0.279023  0  0  1.67414
64  7.77562  0.279082  0  0  1.67449
65  23.6502  0.276032  0  0  1.65619
66  18.0603  0.276552  0  0  1.65931
67  -27.361  0.281256  0  0  1.68753
68  9.05589  0.279987  0  0  1.67992
69  -20.1216  0.283553  0  0  1.70132
70  -4.41358  0.280624  0  0  1.68374
71  23.8852  0.280785  0  0  1.68471
72  -0.252712  0.280362  0  0  1.68217
73  3.83573  0.282507  0  0  1.69504
74  14.6416  0.278464  0  0  1.67079
75  6.87464  0.280345  0  0  1.68207
76  0  0  0  0  0
77  21.8928  0.280889  0  0  1.68533
78  27.9538  0.277577  0  0  1.66546
79  26.5881  0.28004  0  0  1.68024
80  11.2298  0.273187  0  0  1.63912
81  29.4161  0.281648  0  0  1.68989
82  6.67056  0.279464  0  0  1.67679
83  6.34436  0.277974  0  0  1.66784
84  10.7419  0.27799  0  0  1.66794
85  6.99625  0.278228  0  0  1.66937
86  0  0  0  0  0
87  5.68079  0.280101  0  0  1.6806
88  14.2903  0.276756  0  0  1.66054
89  2.84217  0.279963  0  0  1.67978
90  18.0517  0.277241  0  0  1.66345
91  30.5048  0.277213  0  0  1.66328
92  4.96355  0.280431  0  0  1.68259
93  18.0304  0.279043  0  0  1.67426
94  15.9566  0.279509  0  0  1.67705
95  38.1519  0.283077  0  0  1.69846
96  40.3282  0.276604  0  0  1.65962
97  9.47176  0.277273  0  0  1.66364
98  1.86942  0.276979  0  0  1.66188
99  16.704  0.277873  0  0  1.66724
100  3.36925  0.279345  0  0  1.67607
101  21.0446  0.276613  0  0  1.65968
102  9.42467  0.277895  0  0  1.66737
103  6.23731  0.2784  0  0  1.6704
104  3.10726  0.276911  0  0  1.66147
105  -3.33215  0.279288  0  0  1.67573
106  14.4976  0.279076  0  0  1.67446
107  -8.75614  0.280574  0  0  1.68344
108  23.8537  0.27846  0  0  1.67076
109  9.9989  0.279793  0  0  1.67876
110  28.9402  0.277489  0  0  1.66494
111  9.89879  0.280312  0  0  1.68187
112  22.9269  0.276896  0  0  1.66138
113  4.51324  0.281371  0  0  1.68823
114  11.6708  0.280722  0  0  1.68433
115  -6.79513  0.277741  0  0  1.66645
116  8.79878  0.2799  0  0  1.6794
117  -4.23782  0.281063  0  0  1.68638
118  -1.60148  0.279502  0  0  1.67701
119  4.14344  0.281442  0  0  1.68865
120  -13.7541  0.281479  0  0  1.68888
121  12.7837  0.276967  0  0  1.6618
122  31.3529  0.275871  0  0  1.65522
123  0.738974  0.279247  0  0  1.67548
124  1.29981  0.27567  0  0  1.65402
125  5.74603  0.277473  0  0  1.66484
126  -1.74277  0.278697  0  0  1.67218
127  1.84942  0.279792  0  0  1.67875
128  9.28377  0.280099  0  0  1.68059
129  7.16162  0.276687  0  0  1.66012
130  14.1823  0.278715  0  0  1.67229
131  -6.7179  0.280196  0  0  1.68118
132  37.6611  0.271365  0  0  1.62819
133  -0.711689  0.280335  0  0  1.68201
134  12.212  0.278941  0  0  1.67365
135  -1.5302  0.280657  0  0  1.68394
136  15.9828  0.277545  0  0  1.66527
137  -16.9979  0.279785  0  0  1.67871
138  1.48646  0.280911  0  0  1.68547
139  9.95409  0.278992  0  0  1.67395
140  11.6718  0.277641  0  0  1.66584
141  3.08637  0.280361  0  0  1.68217
142  30.1719  0.276561  0  0  1.65936
143  -12.8234  0.279064  0  0  1.67438
144  17.0862  0.276646  0  0  1.65987
145  20.0161  0.278898  0  0  1.67339
146  11.1071  0.27573  0  0  1.65438
147  17.4026  0.275196  0  0  1.65118
148  25.882  0.279662  0  0  1.67797
149  18.379  0.275972  0  0  1.65583
150  -5.90694  0.280848  0  0  1.68509
151  7.31662  0.279465  0  0  1.67679
152  10.0446  0.276137  0  0  1.65682
153  11.024  0.279446  0  0  1.67668
154  -2.37773  0.282646  0  0  1.69588
155  38.445  0.274877  0  0  1.64926
156  10.657  0.278424  0  0  1.67054
157  8.937  0.277641  0  0  1.66584
158  37.834  0.275988  0  0  1.65593
159  11.4953  0.277939  0  0  1.66763
160  43.4836  0.274291  0  0  1.64575
161  10.1599  0.280021  0  0  1.68013
162  0  0  0  0  0
163  0  0  0  0  0
164  0  0  0  0  0
165  0  0  0  0  0
166  0  0  0  0  0
167  0  0  0  0  0
168  0  0  0  0  0
169  0  0  0  0  0
170  0  0  0  0  0
171  0  0  0  0  0
172  0  0  0  0  0
173  0  0  0  0  0
174  0  0  0  0  0
