0  31.9407  0.345884  0  0  2.07531
1  37.6798  0.344177  0  0  2.06506
2  11.5159  0.349198  0  0  2.09519
3  25.8328  0.343675  0  0  2.06205
4  17.3853  0.346881  0  0  2.08129
5  35.2949  0.344016  0  0  2.0641
6  -6.50167  0.352325  0  0  2.11395
7  20.698  0.347217  0  0  2.0833
8  46.51  0.342457  0  0  2.05474
9  13.2703  0.347366  0  0  2.08419
10  9.02045  0.34899  0  0  2.09394
11  4.72795  0.349896  0  0  2.09938
12  38.133  0.345479  0  0  2.07288
13  55.1426  0.341985  0  0  2.05191
14  71.2808  0.339471  0  0  2.03683
15  0.0106462  0.348521  0  0  2.09113
16  11.7783  0.345231  0  0  2.07138
17  27.362  0.345578  0  0  2.07347
18  20.1486  0.3469  0  0  2.0814
19  47.8513  0.34197  0  0  2.05182
20  35.0578  0.343932  0  0  2.06359
21  26.7486  0.345031  0  0  2.07018
22  26.0512  0.34747  0  0  2.08482
23  4.59225  0.3491  0  0  2.0946
24  12.0591  0.350704  0  0  2.10422
25  17.8394  0.347848  0  0  2.08709
26  -3.30433  0.351028  0  0  2.10617
27  39.3304  0.341483  0  0  2.0489
28  30.0889  0.345244  0  0  2.07147
29  -7.36785  0.347696  0  0  2.08618
30  13.579  0.345232  0  0  2.07139
31  36.7115  0.339995  0  0  2.03997
32  11.299  0.344768  0  0  2.06861
33  42.9034  0.339161  0  0  2.03497
34  8.25004  0.346634  0  0  2.0798
35  16.7598  0.345371  0  0  2.07223
36  -5.34487  0.350279  0  0  2.10168
37  -6.58041  0.353869  0  0  2.12321
38  16.1948  0.344826  0  0  2.06896
39  22.9328  0.350121  0  0  2.10073
40  -16.0779  0.351665  0  0  2.10999
41  11.9816  0.344595  0  0  2.06757
42  7.35472  0.350073  0  0  2.10044
43  11.0455  0.345995  0  0  2.07597
44  9.22134  0.348886  0  0  2.09331
45  -20.8615  0.351939  0  0  2.11164
46  9.3759  0.346253  0  0  2.07752
47  -17.3164  0.349709  0  0  2.09825
48  8.00507  0.349494  0  0  2.09696
49  17.9985  0.347085  0  0  2.08251
50  37.1603  0.345386  0  0  2.07231
51  21.2586  0.343883  0  0  2.0633
52  21.3144  0.346945  0  0  2.08167
53  65.6652  0.338701  0  0  2.03221
54  -3.74609  0.349835  0  0  2.09901
55  19.9069  0.346059  0  0  2.07635
56  9.70955  0.347495  0  0  2.08497
57  27.7136  0.347571  0  0  2.08543
58  -2.67082  0.350864  0  0  2.10519
59  7.01055  0.348942  0  0  2.09365
60  18.4259  0.346695  0  0  2.08017
61  32.367  0.350788  0  0  2.10473
62  21.0457  0.348996  0  0  2.09397
63  22.8351  0.345808  0  0  2.07485
64  5.29999  0.347498  0  0  2.08499
65  4.34065  0.345046  0  0  2.07027
66  -17.3349  0.350416  0  0  2.10249
67  0.233228  0.358676  0  0  2.15206
68  29.6255  0.341189  0  0  2.04713
69  6.71597  0.341711  0  0  2.05027
70  -7.28374  0.348453  0  0  2.09072
71  16.316  0.343591  0  0  2.06155
72  5.35362  0.344919  0  0  2.06951
73  28.4613  0.342764  0  0  2.05658
74  8.4849  0.343015  0  0  2.05809
75  4.60131  0.347189  0  0  2.08313
76  0  0  0  0  0
77  39.7414  0.345501  0  0  2.073
78  40.2188  0.341265  0  0  2.04759
79  62.3604  0.341061  0  0  2.04637
80  1.89521  0.349138  0  0  2.09483
81  14.4635  0.348539  0  0  2.09123
82  -6.25603  0.354147  0  0  2.12488
83  1.31671  0.350465  0  0  2.10279
84  -19.0965  0.349806  0  0  2.09884
85  4.95225  0.346711  0  0  2.08026
86  0  0  0  0  0
87  28.1124  0.344027  0  0  2.06416
88  8.78928  0.344507  0  0  2.06704
89  -6.52378  0.345984  0  0  2.0759
90  32.4032  0.34015  0  0  2.0409
91  35.9091  0.341884  0  0  2.0513
92  18.3874  0.342618  0  0  2.05571
93  19.3418  0.346397  0  0  2.07838
94  17.5103  0.347047  0  0  2.08228
95  60.2189  0.34012  0  0  2.04072
96  31.459  0.347306  0  0  2.08383
97  41.9818  0.342882  0  0  2.05729
98  -11.3622  0.350376  0  0  2.10226
99  26.0247  0.349159  0  0  2.09495
100  -0.159762  0.352191  0  0  2.11315
101  18.9314  0.343253  0  0  2.05952
102  -3.41984  0.349545  0  0  2.09727
103  -1.57678  0.347154  0  0  2.08293
104  27.2015  0.3425  0  0  2.055
105  -11.5669  0.348424  0  0  2.09055
106  -3.06003  0.347708  0  0  2.08625
107  19.7259  0.339598  0  0  2.03759
108  28.5472  0.342742  0  0  2.05645
109  35.8116  0.339793  0  0  2.03876
110  11.7191  0.345058  0  0  2.07035
111  15.2769  0.345162  0  0  2.07097
112  43.1179  0.344822  0  0  2.06893
113  6.65167  0.340997  0  0  2.04598
114  75.0599  0.389391  0  0  2.33634
115  -30.3188  0.353525  0  0  2.12115
116  21.9441  0.346839  0  0  2.08103
117  -16.6743  0.349149  0  0  2.0949
118  3.16974  0.349422  0  0  2.09653
119  16.9024  0.345299  0  0  2.07179
120  -22.6445  0.351643  0  0  2.10986
121  32.9004  0.342534  0  0  2.0552
122  41.3076  0.344116  0  0  2.06469
123  33.9939  0.342269  0  0  2.05361
124  -13.631  0.348032  0  0  2.08819
125  -1.44587  0.34588  0  0  2.07528
126  -20.694  0.35209  0  0  2.11254
127  -4.77097  0.348272  0  0  2.08963
128  20.2995  0.348517  0  0  2.0911
129  25.6801  0.342693  0  0  2.05616
130  49.9671  0.340337  0  0  2.04202
131  -18.7879  0.350727  0  0  2.10436
132  1.04852  0.350213  0  0  2.10128
133  26.1071  0.344793  0  0  2.06876
134  37.4162  0.344794  0  0  2.06876
135  -2.50226  0.34803  0  0  2.08818
136  5.35525  0.347083  0  0  2.0825
137  -18.7274  0.348689  0  0  2.09214
138  39.5553  0.343203  0  0  2.05922
139  1.7068  0.350564  0  0  2.10338
140  3.92452  0.347735  0  0  2.08641
141  -0.898395  0.348207  0  0  2.08924
142  26.1053  0.340891  0  0  2.04535
143  -33.9908  0.353978  0  0  2.12387
144  4.85195  0.347647  0  0  2.08588
145  37.3953  0.34195  0  0  2.0517
146  -15.1408  0.349146  0  0  2.09487
147  29.1735  0.345095  0  0  2.07057
148  76.2708  0.335816  0  0  2.01489
149  24.2845  0.342227  0  0  2.05336
150  -13.3858  0.346982  0  0  2.08189
151  12.4915  0.348066  0  0  2.08839
152  10.5771  0.342355  0  0  2.05413
153  51.2771  0.337959  0  0  2.02775
154  5.32401  0.343196  0  0  2.05918
155  47.3261  0.341822  0  0  2.05093
156  6.60139  0.347054  0  0  2.08232
157  36.4833  0.34694  0  0  2.08164
158  51.8282  0.402681  0  0  2.41609
159  40.951  0.344907  0  0  2.06944
160  21.2616  0.344519  0  0  2.06712
161  33.356  0.344278  0  0  2.06567
162  0  0  0  0  0
163  0  0  0  0  0
164  0  0  0  0  0
165  0  0  0  0  0
166  0  0  0  0  0
167  0  0  0  0  0
168  0  0  0  0  0
169  0  0  0  0  0
170  0  0  0  0  0
171  0  0  0  0  0
172  0  0  0  0  0
173  0  0  0  0  0
174  0  0  0  0  0
