0  2.17424  0.279055  0  0  1.67433
1  48.5539  0.27924  0  0  1.67544
2  22.6972  0.274004  0  0  1.64402
3  7.43753  0.272164  0  0  1.63299
4  1.54239  0.276923  0  0  1.66154
5  15.3993  0.27088  0  0  1.62528
6  23.3434  0.274525  0  0  1.64715
7  47.5698  0.264862  0  0  1.58917
8  13.796  0.276237  0  0  1.65742
9  32.7773  0.270104  0  0  1.62062
10  12.0723  0.272371  0  0  1.63423
11  9.31361  0.273318  0  0  1.63991
12  19.3218  0.271616  0  0  1.6297
13  8.53521  0.271712  0  0  1.63027
14  11.1159  0.266547  0  0  1.59928
15  -3.31097  0.279049  0  0  1.67429
16  3.34078  0.272239  0  0  1.63344
17  48.9837  0.270306  0  0  1.62184
18  19.7422  0.274842  0  0  1.64905
19  6.54123  0.283348  0  0  1.70009
20  13.0323  0.278413  0  0  1.67048
21  20.865  0.272008  0  0  1.63205
22  13.5239  0.277652  0  0  1.66591
23  -4.43506  0.276312  0  0  1.65787
24  13.8353  0.273645  0  0  1.64187
25  8.16161  0.276939  0  0  1.66163
26  11.0761  0.272926  0  0  1.63755
27  33.3631  0.266842  0  0  1.60105
28  15.8277  0.270442  0  0  1.62265
29  -0.715395  0.272135  0  0  1.63281
30  2.93434  0.273746  0  0  1.64248
31  1.66491  0.269703  0  0  1.61822
32  14.7034  0.271346  0  0  1.62808
33  22.9981  0.29881  0  0  1.79286
34  8.88752  0.271602  0  0  1.62961
35  1.10456  0.287611  0  0  1.72566
36  3.04507  0.273973  0  0  1.64384
37  14.2186  0.276268  0  0  1.65761
38  -0.363821  0.272589  0  0  1.63553
39  6.50264  0.274215  0  0  1.64529
40  20.3453  0.26962  0  0  1.61772
41  7.70486  0.285642  0  0  1.71385
42  8.96033  0.278837  0  0  1.67302
43  -19.3657  0.278997  0  0  1.67398
44  25.0063  0.268686  0  0  1.61212
45  9.98423  0.268267  0  0  1.6096
46  3.6999  0.279643  0  0  1.67786
47  14.4186  0.273806  0  0  1.64284
48  9.95256  0.278008  0  0  1.66805
49  5.50113  0.2834  0  0  1.7004
50  11.4312  0.273231  0  0  1.63939
51  41.7883  0.277516  0  0  1.6651
52  19.286  0.27351  0  0  1.64106
53  13.2568  0.275322  0  0  1.65193
54  -3.32163  0.277599  0  0  1.66559
55  13.7371  0.272532  0  0  1.63519
56  14.4257  0.272366  0  0  1.6342
57  42.5413  0.268636  0  0  1.61182
58  -2.62401  0.275805  0  0  1.65483
59  24.1402  0.270543  0  0  1.62326
60  7.84927  0.271824  0  0  1.63094
61  7.39926  0.279681  0  0  1.67808
62  3.20829  0.278477  0  0  1.67086
63  8.45069  0.272049  0  0  1.63229
64  4.59195  0.271894  0  0  1.63136
65  22.0354  0.265722  0  0  1.59433
66  32.9078  0.268601  0  0  1.61161
67  4.03738  0.274672  0  0  1.64803
68  1.09868  0.273919  0  0  1.64351
69  -28.8422  0.278057  0  0  1.66834
70  0.290899  0.273788  0  0  1.64273
71  10.5916  0.279384  0  0  1.6763
72  -0.436963  0.271664  0  0  1.62998
73  -10.7632  0.282854  0  0  1.69712
74  7.24162  0.269103  0  0  1.61462
75  1.89485  0.275356  0  0  1.65213
76  0  0  0  0  0
77  7.97793  0.280884  0  0  1.6853
78  17.6979  0.273718  0  0  1.64231
79  7.079  0.305524  0  0  1.83314
80  11.6791  0.269391  0  0  1.61635
81  20.9733  0.280244  0  0  1.68146
82  11.9979  0.274953  0  0  1.64972
83  13.3047  0.271886  0  0  1.63131
84  2.33904  0.270734  0  0  1.6244
85  23.3865  0.269438  0  0  1.61663
86  0  0  0  0  0
87  9.36136  0.273757  0  0  1.64254
88  -0.708816  0.267846  0  0  1.60708
89  2.44997  0.271054  0  0  1.62632
90  16.9665  0.267072  0  0  1.60243
91  24.3287  0.273069  0  0  1.63842
92  0.418062  0.273872  0  0  1.64323
93  13.6926  0.271721  0  0  1.63033
94  4.55186  0.276203  0  0  1.65722
95  11.8395  0.295712  0  0  1.77427
96  42.4502  0.272349  0  0  1.6341
97  11.502  0.267008  0  0  1.60205
98  21.034  0.271394  0  0  1.62836
99  22.6313  0.273341  0  0  1.64004
100  7.48382  0.272474  0  0  1.63484
101  22.5627  0.263283  0  0  1.5797
102  10.3335  0.268348  0  0  1.61009
103  24.3364  0.271331  0  0  1.62799
104  16.5139  0.26397  0  0  1.58382
105  3.84754  0.270721  0  0  1.62433
106  11.331  0.273008  0  0  1.63805
107  -11.5885  0.274191  0  0  1.64515
108  17.1767  0.268388  0  0  1.61033
109  5.64483  0.272669  0  0  1.63602
110  15.1789  0.277518  0  0  1.66511
111  20.8874  0.27446  0  0  1.64676
112  36.9498  0.273064  0  0  1.63838
113  5.78728  0.273717  0  0  1.6423
114  14.8595  0.276841  0  0  1.66105
115  -3.4201  0.274136  0  0  1.64481
116  11.9974  0.274684  0  0  1.6481
117  6.95764  0.279185  0  0  1.67511
118  3.76224  0.27441  0  0  1.64646
119  -7.96674  0.277115  0  0  1.66269
120  -2.5459  0.273569  0  0  1.64141
121  -3.12976  0.273748  0  0  1.64249
122  23.9786  0.271767  0  0  1.6306
123  -4.68983  0.272871  0  0  1.63723
124  4.75192  0.268957  0  0  1.61374
125  19.4847  0.26615  0  0  1.5969
126  10.8501  0.272891  0  0  1.63735
127  13.3818  0.271726  0  0  1.63035
128  11.227  0.273043  0  0  1.63826
129  14.4387  0.267648  0  0  1.60589
130  14.2202  0.270489  0  0  1.62294
131  5.08648  0.273147  0  0  1.63888
132  50.4609  0.266254  0  0  1.59752
133  7.46077  0.276239  0  0  1.65743
134  7.32989  0.273169  0  0  1.63902
135  4.94985  0.274373  0  0  1.64624
136  22.0542  0.271716  0  0  1.6303
137  -3.35943  0.275501  0  0  1.653
138  3.9646  0.273799  0  0  1.64279
139  15.0258  0.271161  0  0  1.62697
140  12.2782  0.278  0  0  1.668
141  0.609041  0.272118  0  0  1.63271
142  22.0972  0.270459  0  0  1.62275
143  20.7783  0.277527  0  0  1.66516
144  8.78019  0.270857  0  0  1.62514
145  14.3012  0.281103  0  0  1.68662
146  7.65412  0.267702  0  0  1.60621
147  11.421  0.27077  0  0  1.62462
148  16.3366  0.277038  0  0  1.66223
149  13.1569  0.272592  0  0  1.63555
150  -15.0014  0.275922  0  0  1.65553
151  13.5433  0.274514  0  0  1.64708
152  -4.23953  0.266566  0  0  1.5994
153  10.9867  0.272643  0  0  1.63586
154  -0.144357  0.27559  0  0  1.65354
155  28.0739  0.270507  0  0  1.62304
156  15.2391  0.281428  0  0  1.68857
157  13.759  0.269708  0  0  1.61825
158  54.1673  0.270833  0  0  1.625
159  14.8788  0.278635  0  0  1.67181
160  35.926  0.273163  0  0  1.63898
161  13.1627  0.274753  0  0  1.64852
162  0  0  0  0  0
163  0  0  0  0  0
164  0  0  0  0  0
165  0  0  0  0  0
166  0  0  0  0  0
167  0  0  0  0  0
168  0  0  0  0  0
169  0  0  0  0  0
170  0  0  0  0  0
171  0  0  0  0  0
172  0  0  0  0  0
173  0  0  0  0  0
174  0  0  0  0  0
