0  9.46096  0.278403  2.47515e-07  0  1.67042
1  45.8037  0.279476  -3.8555e-07  0  1.67685
2  22.7644  0.273934  7.48386e-08  0  1.6436
3  7.96351  0.271922  4.43074e-07  0  1.63153
4  4.87937  0.275865  2.70488e-07  0  1.65519
5  14.5672  0.271158  1.41079e-07  0  1.62695
6  20.4616  0.27509  9.18152e-08  0  1.65054
7  40.0087  0.265525  -3.63646e-07  0  1.59315
8  23.8227  0.27481  1.60612e-07  0  1.64886
9  32.6672  0.269455  -2.63108e-07  0  1.61673
10  19.3031  0.270924  2.22415e-07  0  1.62554
11  11.3442  0.273107  2.11598e-07  0  1.63864
12  15.9518  0.272059  8.86837e-08  0  1.63236
13  -11.196  0.273808  2.94149e-07  0  1.64285
14  4.27556  0.267365  7.51551e-08  0  1.60419
15  6.24194  0.27708  3.58825e-07  0  1.66248
16  -1.61617  0.272606  3.37305e-07  0  1.63564
17  49.7591  0.270271  -4.74671e-07  0  1.62163
18  17.7604  0.274959  2.78843e-07  0  1.64976
19  5.49659  0.283184  2.5684e-07  0  1.6991
20  8.30094  0.278954  5.00929e-07  0  1.67372
21  23.9817  0.271135  4.82652e-08  0  1.62681
22  8.81694  0.278324  2.99542e-07  0  1.66994
23  3.00565  0.275133  2.82935e-07  0  1.6508
24  12.3283  0.273829  2.51534e-07  0  1.64298
25  11.8909  0.276283  3.63036e-07  0  1.6577
26  7.13016  0.272877  4.9761e-07  0  1.63726
27  16.3186  0.268966  2.80427e-07  0  1.6138
28  17.5801  0.270283  2.49978e-08  0  1.6217
29  3.92972  0.271917  6.39126e-07  0  1.6315
30  -1.50902  0.274103  5.16031e-07  0  1.64462
31  8.1975  0.268979  1.21748e-07  0  1.61388
32  9.50622  0.272003  1.85529e-07  0  1.63202
33  22.8766  0.298615  -5.92483e-07  0  1.79169
34  7.92658  0.272026  2.53226e-07  0  1.63216
35  14.2809  0.285731  4.69561e-07  0  1.71439
36  9.24071  0.2722  3.44253e-07  0  1.6332
37  12.6995  0.276416  3.587e-07  0  1.6585
38  9.3264  0.271157  7.43248e-07  0  1.62694
39  3.85019  0.274259  3.66112e-07  0  1.64555
40  13.7187  0.270502  8.88459e-08  0  1.62301
41  -3.01393  0.286968  5.67362e-07  0  1.72181
42  20.8885  0.277403  1.36865e-07  0  1.66442
43  -7.99733  0.278238  4.09059e-07  0  1.66943
44  25.7866  0.268269  -2.09686e-07  0  1.60961
45  7.87615  0.268049  4.60942e-07  0  1.60829
46  8.04519  0.279136  3.74081e-07  0  1.67481
47  3.11015  0.27559  5.79562e-07  0  1.65354
48  12.3902  0.277884  2.67689e-07  0  1.66731
49  -1.66191  0.284665  3.87847e-07  0  1.70799
50  6.75128  0.273895  3.44931e-07  0  1.64337
51  42.9907  0.277387  8.00408e-08  0  1.66432
52  18.2987  0.273604  1.4287e-07  0  1.64162
53  9.43747  0.275801  2.61709e-07  0  1.65481
54  1.13492  0.277219  7.10361e-07  0  1.66331
55  14.9529  0.272296  2.69545e-07  0  1.63378
56  14.7149  0.272165  1.89244e-07  0  1.63299
57  41.225  0.268706  -2.52432e-07  0  1.61223
58  -2.52667  0.275571  5.8401e-07  0  1.65343
59  17.4266  0.271706  1.75064e-07  0  1.63023
60  10.5984  0.27163  1.49063e-07  0  1.62978
61  8.01854  0.276593  4.72524e-07  0  1.65956
62  7.20072  0.278054  4.15013e-07  0  1.66832
63  5.47043  0.272497  2.34476e-07  0  1.63498
64  -3.52642  0.272872  5.0281e-07  0  1.63723
65  29.6977  0.264674  1.54851e-07  0  1.58804
66  32.1917  0.268742  -1.22831e-08  0  1.61245
67  6.13218  0.274299  4.7897e-07  0  1.64579
68  10.6193  0.27244  4.52097e-07  0  1.63464
69  -21.2602  0.276974  1.10936e-06  0  1.66184
70  1.06785  0.274097  4.71118e-07  0  1.64458
71  9.25833  0.279222  6.01742e-07  0  1.67533
72  2.15703  0.270741  2.58663e-07  0  1.62445
73  -12.8231  0.283195  8.47787e-07  0  1.69917
74  16.7323  0.267817  2.48647e-07  0  1.6069
75  4.54067  0.274665  4.49224e-07  0  1.64799
76  0  0  0  0  0
77  0.133667  0.282165  4.1941e-07  0  1.69299
78  18.4273  0.273469  7.8336e-08  0  1.64081
79  8.99539  0.30487  -4.94793e-07  0  1.82922
80  16.3853  0.268428  3.03302e-07  0  1.61057
81  17.6808  0.280426  2.63267e-07  0  1.68256
82  4.92326  0.275284  3.46976e-07  0  1.6517
83  12.7055  0.271679  2.90628e-07  0  1.63007
84  -3.02256  0.27093  3.78922e-07  0  1.62558
85  19.6184  0.269978  3.54172e-07  0  1.61987
86  0  0  0  0  0
87  16.0054  0.272993  5.31194e-07  0  1.63796
88  2.81751  0.267434  2.93371e-07  0  1.6046
89  1.22834  0.270849  5.72234e-07  0  1.62509
90  6.00983  0.26788  2.53855e-07  0  1.60728
91  19.6185  0.273289  1.04176e-07  0  1.63973
92  2.43307  0.273141  3.73946e-07  0  1.63884
93  13.7484  0.271716  1.61031e-07  0  1.6303
94  6.62066  0.275369  4.17638e-07  0  1.65222
95  7.00023  0.295884  6.00556e-07  0  1.7753
96  44.189  0.272364  -2.01661e-07  0  1.63418
97  13.7328  0.266885  8.19651e-08  0  1.60131
98  23.3452  0.271178  1.55232e-07  0  1.62707
99  22.4371  0.273147  2.35087e-07  0  1.63888
100  5.04563  0.272583  1.01595e-08  0  1.6355
101  9.7915  0.264592  1.1598e-07  0  1.58755
102  15.6815  0.267739  2.7057e-07  0  1.60644
103  19.7785  0.271138  1.63292e-07  0  1.62683
104  4.03583  0.264182  3.34812e-07  0  1.58509
105  1.91502  0.270856  4.64583e-07  0  1.62514
106  15.8275  0.272362  2.16324e-07  0  1.63417
107  -6.24489  0.273428  5.37668e-07  0  1.64057
108  10.1686  0.269078  3.38752e-07  0  1.61447
109  4.95265  0.272294  2.40148e-07  0  1.63376
110  18.5065  0.27699  7.6523e-08  0  1.66194
111  18.2947  0.27439  2.77144e-07  0  1.64634
112  33.6177  0.272966  -1.96036e-07  0  1.63779
113  0.505529  0.274148  5.96501e-07  0  1.64489
114  31.8114  0.274872  4.02226e-07  0  1.64923
115  0.738474  0.273013  2.76934e-07  0  1.63808
116  2.67007  0.275565  4.78238e-07  0  1.65339
117  0.326432  0.279922  3.45424e-07  0  1.67953
118  9.32585  0.273637  4.06628e-07  0  1.64182
119  2.91398  0.275739  4.51095e-07  0  1.65443
120  0.570297  0.273308  4.86615e-07  0  1.63985
121  6.04704  0.271713  2.34663e-07  0  1.63028
122  25.0714  0.271879  -2.67664e-07  0  1.63128
123  1.48829  0.272313  2.94877e-07  0  1.63388
124  11.6758  0.268105  1.31861e-07  0  1.60863
125  12.5863  0.266872  3.82896e-07  0  1.60123
126  14.9508  0.271704  2.82731e-07  0  1.63023
127  12.0977  0.271589  4.17054e-07  0  1.62953
128  4.28547  0.273903  6.56378e-07  0  1.64342
129  11.0137  0.268139  2.9072e-07  0  1.60883
130  20.7363  0.270196  1.74302e-07  0  1.62118
131  2.44616  0.273226  3.46278e-07  0  1.63936
132  49.0154  0.267088  -3.98567e-07  0  1.60253
133  17.4562  0.274653  3.37338e-07  0  1.64792
134  7.12397  0.273585  2.00499e-07  0  1.64151
135  13.0056  0.273182  3.97773e-07  0  1.63909
136  10.766  0.27277  7.62045e-08  0  1.63662
137  -3.36222  0.275247  3.65073e-07  0  1.65148
138  -3.60872  0.274359  5.02485e-07  0  1.64616
139  20.5787  0.270683  2.33193e-07  0  1.6241
140  24.294  0.276836  2.50093e-07  0  1.66102
141  5.45947  0.27127  4.89805e-07  0  1.62762
142  23.2884  0.270357  2.38596e-07  0  1.62214
143  18.0253  0.278866  2.87369e-08  0  1.67319
144  17.1984  0.268625  2.77079e-07  0  1.61175
145  8.16777  0.281363  1.10639e-07  0  1.68818
146  7.67898  0.268007  2.15537e-07  0  1.60804
147  16.9882  0.26981  2.37392e-07  0  1.61886
148  5.86725  0.278169  1.4968e-07  0  1.66901
149  27.6268  0.270922  2.05351e-07  0  1.62553
150  -17.4794  0.275688  7.42624e-07  0  1.65413
151  12.9016  0.274205  2.32178e-07  0  1.64523
152  2.64985  0.265765  1.48078e-07  0  1.59459
153  10.0941  0.272686  2.45809e-07  0  1.63611
154  1.49031  0.275004  8.00669e-07  0  1.65003
155  28.4651  0.270443  -7.11584e-08  0  1.62266
156  14.596  0.280717  3.5111e-07  0  1.6843
157  2.68749  0.270257  1.77082e-07  0  1.62154
158  55.66  0.27059  -1.00749e-07  0  1.62354
159  18.4058  0.27787  1.64881e-07  0  1.66722
160  36.0817  0.273213  -2.39062e-07  0  1.63928
161  8.23651  0.275255  2.06786e-07  0  1.65153
162  0  0  0  0  0
163  0  0  0  0  0
164  0  0  0  0  0
165  0  0  0  0  0
166  0  0  0  0  0
167  0  0  0  0  0
168  0  0  0  0  0
169  0  0  0  0  0
170  0  0  0  0  0
171  0  0  0  0  0
172  0  0  0  0  0
173  0  0  0  0  0
174  0  0  0  0  0
