0  37.3579  0.346843  0  0  2.08106
1  25.4703  0.347597  0  0  2.08558
2  29.7227  0.347104  0  0  2.08262
3  22.6897  0.34279  0  0  2.05674
4  23.2994  0.344715  0  0  2.06829
5  33.9872  0.341968  0  0  2.05181
6  3.21612  0.351737  0  0  2.11042
7  29.8003  0.344905  0  0  2.06943
8  30.2243  0.343899  0  0  2.0634
9  19.5254  0.344027  0  0  2.06416
10  9.25781  0.34733  0  0  2.08398
11  8.25962  0.348493  0  0  2.09096
12  41.8261  0.343875  0  0  2.06325
13  67.7228  0.337622  0  0  2.02573
14  81.1049  0.334983  0  0  2.0099
15  -1.66197  0.350334  0  0  2.102
16  3.59818  0.345297  0  0  2.07178
17  28.6637  0.345716  0  0  2.0743
18  17.0949  0.347751  0  0  2.08651
19  43.6755  0.34572  0  0  2.07432
20  33.7128  0.343343  0  0  2.06006
21  35.3922  0.342419  0  0  2.05452
22  30.8926  0.34645  0  0  2.0787
23  10.8918  0.34708  0  0  2.08248
24  17.3705  0.349381  0  0  2.09629
25  23.5985  0.34565  0  0  2.0739
26  -0.427365  0.349364  0  0  2.09618
27  43.6727  0.337907  0  0  2.02744
28  35.2005  0.343645  0  0  2.06187
29  5.30413  0.344543  0  0  2.06726
30  20.6808  0.34313  0  0  2.05878
31  20.2168  0.339936  0  0  2.03961
32  8.5485  0.344803  0  0  2.06882
33  41.5354  0.339747  0  0  2.03848
34  22.6601  0.342727  0  0  2.05636
35  21.3549  0.343533  0  0  2.0612
36  -1.94056  0.348865  0  0  2.09319
37  5.98297  0.346148  0  0  2.07689
38  15.4611  0.343571  0  0  2.06143
39  32.7579  0.347309  0  0  2.08386
40  -16.8569  0.350858  0  0  2.10515
41  17.4579  0.350603  0  0  2.10362
42  23.1255  0.347987  0  0  2.08792
43  29.5095  0.34212  0  0  2.05272
44  16.0887  0.347275  0  0  2.08365
45  -12.1118  0.349093  0  0  2.09456
46  5.44698  0.35043  0  0  2.10258
47  -6.65815  0.349095  0  0  2.09457
48  7.06995  0.35188  0  0  2.11128
49  12.0253  0.351008  0  0  2.10605
50  45.9501  0.343552  0  0  2.06131
51  2.16346  0.348824  0  0  2.09294
52  20.7911  0.345801  0  0  2.07481
53  65.8348  0.337275  0  0  2.02365
54  4.51443  0.348804  0  0  2.09282
55  35.0825  0.341863  0  0  2.05118
56  17.0072  0.345968  0  0  2.07581
57  33.7765  0.344288  0  0  2.06573
58  15.718  0.348277  0  0  2.08966
59  12.0971  0.346673  0  0  2.08004
60  14.74  0.345637  0  0  2.07382
61  29.0092  0.354409  0  0  2.12645
62  36.2523  0.347264  0  0  2.08359
63  26.8883  0.34402  0  0  2.06412
64  19.1271  0.343358  0  0  2.06015
65  10.1391  0.341716  0  0  2.05029
66  -6.66416  0.347806  0  0  2.08684
67  25.2664  0.355332  0  0  2.13199
68  38.047  0.338784  0  0  2.0327
69  17.4254  0.3401  0  0  2.0406
70  1.75356  0.346098  0  0  2.07659
71  21.8187  0.34193  0  0  2.05158
72  12.7593  0.341954  0  0  2.05172
73  21.1228  0.345199  0  0  2.07119
74  0.907756  0.342627  0  0  2.05576
75  9.17208  0.344453  0  0  2.06672
76  0  0  0  0  0
77  46.9892  0.343388  0  0  2.06033
78  35.567  0.33719  0  0  2.02314
79  70.0385  0.338812  0  0  2.03287
80  15.0267  0.347546  0  0  2.08527
81  20.842  0.356336  0  0  2.13802
82  12.7889  0.351213  0  0  2.10728
83  9.9434  0.349604  0  0  2.09762
84  6.58111  0.343713  0  0  2.06228
85  9.11365  0.344972  0  0  2.06983
86  0  0  0  0  0
87  25.0856  0.342951  0  0  2.0577
88  -0.94201  0.341938  0  0  2.05163
89  -4.14736  0.343038  0  0  2.05823
90  43.6328  0.335656  0  0  2.01394
91  57.8039  0.33815  0  0  2.0289
92  16.91  0.340821  0  0  2.04493
93  32.0092  0.342658  0  0  2.05595
94  29.39  0.343103  0  0  2.05862
95  67.0262  0.338752  0  0  2.03251
96  48.1671  0.344611  0  0  2.06767
97  49.8948  0.339539  0  0  2.03724
98  -1.05841  0.348817  0  0  2.0929
99  31.2393  0.34748  0  0  2.08488
100  15.3891  0.348596  0  0  2.09157
101  16.4038  0.340151  0  0  2.04091
102  8.36695  0.346031  0  0  2.07619
103  -0.700417  0.347235  0  0  2.08341
104  13.5844  0.34201  0  0  2.05206
105  0.381123  0.345305  0  0  2.07183
106  3.7478  0.345256  0  0  2.07154
107  20.9821  0.338054  0  0  2.02833
108  34.8449  0.340263  0  0  2.04158
109  36.0953  0.338766  0  0  2.0326
110  5.48208  0.346201  0  0  2.07721
111  16.666  0.345097  0  0  2.07058
112  41.1228  0.346527  0  0  2.07916
113  12.3669  0.337762  0  0  2.02657
114  88.591  0.388405  0  0  2.33043
115  -16.3856  0.351266  0  0  2.1076
116  33.7479  0.343884  0  0  2.06331
117  5.11593  0.345708  0  0  2.07425
118  2.61754  0.348842  0  0  2.09305
119  24.7626  0.342913  0  0  2.05748
120  -5.51432  0.348186  0  0  2.08911
121  35.6063  0.341302  0  0  2.04781
122  49.0685  0.342255  0  0  2.05353
123  48.4691  0.338758  0  0  2.03255
124  0.448934  0.344744  0  0  2.06847
125  6.71161  0.342703  0  0  2.05622
126  4.69152  0.34912  0  0  2.09472
127  9.89377  0.345911  0  0  2.07546
128  23.2329  0.34819  0  0  2.08914
129  8.79439  0.343509  0  0  2.06105
130  53.6348  0.338224  0  0  2.02935
131  -0.422049  0.347709  0  0  2.08625
132  19.7005  0.347602  0  0  2.08561
133  30.8902  0.343457  0  0  2.06074
134  47.5747  0.34204  0  0  2.05224
135  9.90368  0.345187  0  0  2.07112
136  5.00085  0.345359  0  0  2.07216
137  -10.577  0.347087  0  0  2.08252
138  52.0297  0.340101  0  0  2.0406
139  14.6779  0.347964  0  0  2.08778
140  -6.71056  0.3508  0  0  2.1048
141  5.82446  0.34476  0  0  2.06856
142  23.7878  0.341711  0  0  2.05027
143  10.1002  0.348945  0  0  2.09367
144  16.4243  0.343429  0  0  2.06057
145  34.3106  0.341551  0  0  2.04931
146  -1.48787  0.345578  0  0  2.07347
147  28.7567  0.343912  0  0  2.06347
148  47.3293  0.341615  0  0  2.04969
149  33.0892  0.340862  0  0  2.04517
150  2.18883  0.342826  0  0  2.05695
151  16.4312  0.347713  0  0  2.08628
152  0.664074  0.340899  0  0  2.04539
153  51.8377  0.337019  0  0  2.02211
154  10.7344  0.340703  0  0  2.04422
155  43.8226  0.341253  0  0  2.04752
156  1.50115  0.349453  0  0  2.09672
157  85.9245  0.339422  0  0  2.03653
158  84.9538  0.397391  0  0  2.38435
159  39.7805  0.345702  0  0  2.07421
160  17.2709  0.345602  0  0  2.07361
161  49.538  0.339591  0  0  2.03755
162  0  0  0  0  0
163  0  0  0  0  0
164  0  0  0  0  0
165  0  0  0  0  0
166  0  0  0  0  0
167  0  0  0  0  0
168  0  0  0  0  0
169  0  0  0  0  0
170  0  0  0  0  0
171  0  0  0  0  0
172  0  0  0  0  0
173  0  0  0  0  0
174  0  0  0  0  0
