0  0.765526  0.280541  0  0  1.68325
1  50.3478  0.276086  0  0  1.65651
2  23.3233  0.276641  0  0  1.65984
3  23.7967  0.278501  0  0  1.67101
4  7.89319  0.281101  0  0  1.6866
5  16.7236  0.279658  0  0  1.67795
6  5.27279  0.278691  0  0  1.67215
7  37.1225  0.273946  0  0  1.64368
8  50.1117  0.277849  0  0  1.66709
9  22.7933  0.272978  0  0  1.63787
10  14.0346  0.2791  0  0  1.6746
11  5.5982  0.28  0  0  1.68
12  17.9995  0.278571  0  0  1.67143
13  10.1737  0.278693  0  0  1.67216
14  9.67382  0.277807  0  0  1.66684
15  -2.15843  0.281333  0  0  1.688
16  -11.1464  0.281442  0  0  1.68865
17  43.5439  0.273859  0  0  1.64315
18  9.08699  0.280435  0  0  1.68261
19  41.7282  0.280062  0  0  1.68037
20  9.06629  0.282822  0  0  1.69693
21  26.442  0.27726  0  0  1.66356
22  12.4244  0.282272  0  0  1.69363
23  3.42359  0.278871  0  0  1.67323
24  13.6097  0.279302  0  0  1.67581
25  12.4573  0.280907  0  0  1.68544
26  0.391888  0.279167  0  0  1.675
27  23.1241  0.277032  0  0  1.66219
28  20.3336  0.275956  0  0  1.65573
29  -6.38674  0.27982  0  0  1.67892
30  -1.65724  0.280737  0  0  1.68442
31  10.1264  0.276865  0  0  1.66119
32  3.14214  0.278335  0  0  1.67001
33  32.8019  0.278156  0  0  1.66894
34  16.7461  0.27773  0  0  1.66638
35  22.3711  0.28039  0  0  1.68234
36  5.87302  0.278949  0  0  1.67369
37  -0.071566  0.27663  0  0  1.65978
38  -6.67274  0.279927  0  0  1.67956
39  8.44011  0.279015  0  0  1.67409
40  -3.65827  0.277447  0  0  1.66468
41  19.1135  0.27923  0  0  1.67538
42  9.01616  0.279195  0  0  1.67517
43  -6.1997  0.280388  0  0  1.68233
44  31.7606  0.27322  0  0  1.63932
45  -9.30755  0.276629  0  0  1.65977
46  19.6674  0.279376  0  0  1.67626
47  -1.55064  0.279497  0  0  1.67698
48  0.780855  0.278148  0  0  1.66889
49  18.0741  0.280382  0  0  1.68229
50  4.76291  0.278731  0  0  1.67238
51  39.6096  0.276893  0  0  1.66136
52  23.7836  0.277795  0  0  1.66677
53  31.8107  0.279191  0  0  1.67515
54  -13.6814  0.28177  0  0  1.69062
55  20.0481  0.278907  0  0  1.67344
56  11.5944  0.277921  0  0  1.66753
57  41.5463  0.276477  0  0  1.65886
58  -0.121842  0.278065  0  0  1.66839
59  13.7152  0.278964  0  0  1.67378
60  3.10929  0.280144  0  0  1.68086
61  1.21886  0.279226  0  0  1.67535
62  1.29038  0.28141  0  0  1.68846
63  15.0721  0.278384  0  0  1.6703
64  10.2335  0.279074  0  0  1.67444
65  19.9079  0.276564  0  0  1.65938
66  18.3027  0.276736  0  0  1.66041
67  -24.9264  0.280827  0  0  1.68496
68  10.0641  0.280132  0  0  1.68079
69  -20.3968  0.283679  0  0  1.70207
70  -6.04305  0.28075  0  0  1.6845
71  20.1883  0.280983  0  0  1.6859
72  0.520949  0.279956  0  0  1.67974
73  3.43395  0.282465  0  0  1.69479
74  10.0101  0.279289  0  0  1.67574
75  2.22474  0.281134  0  0  1.6868
76  0  0  0  0  0
77  25.2532  0.280241  0  0  1.68145
78  28.5273  0.277503  0  0  1.66502
79  31.9689  0.279596  0  0  1.67757
80  11.04  0.273204  0  0  1.63923
81  34.2238  0.280806  0  0  1.68484
82  6.43235  0.279754  0  0  1.67852
83  3.36444  0.278287  0  0  1.66972
84  12.3745  0.277675  0  0  1.66605
85  8.2689  0.278121  0  0  1.66873
86  0  0  0  0  0
87  8.43924  0.279777  0  0  1.67866
88  9.46743  0.276929  0  0  1.66158
89  -2.79166  0.280929  0  0  1.68557
90  17.9002  0.277363  0  0  1.66418
91  23.5781  0.278211  0  0  1.66927
92  6.51143  0.280779  0  0  1.68467
93  18.7861  0.278905  0  0  1.67343
94  16.2624  0.279952  0  0  1.67971
95  33.6866  0.283618  0  0  1.70171
96  41.6216  0.276335  0  0  1.65801
97  14.6462  0.27667  0  0  1.66002
98  -0.818157  0.277191  0  0  1.66315
99  18.9392  0.277536  0  0  1.66522
100  -0.145128  0.279914  0  0  1.67949
101  23.3372  0.27606  0  0  1.65636
102  2.73943  0.278543  0  0  1.67126
103  4.4825  0.278426  0  0  1.67055
104  5.37815  0.276381  0  0  1.65829
105  -0.587904  0.278738  0  0  1.67243
106  13.2604  0.279005  0  0  1.67403
107  -5.26056  0.280049  0  0  1.6803
108  20.0397  0.278844  0  0  1.67306
109  10.2441  0.279676  0  0  1.67806
110  33.9684  0.276755  0  0  1.66053
111  10.6433  0.279561  0  0  1.67736
112  19.6857  0.277221  0  0  1.66332
113  2.27011  0.281612  0  0  1.68967
114  12.1082  0.280689  0  0  1.68413
115  -5.09607  0.2774  0  0  1.6644
116  11.4446  0.279206  0  0  1.67524
117  -10.2509  0.281471  0  0  1.68883
118  4.87999  0.27875  0  0  1.6725
119  4.77248  0.281384  0  0  1.68831
120  -7.07279  0.280844  0  0  1.68507
121  17.6219  0.276393  0  0  1.65836
122  28.7086  0.276095  0  0  1.65657
123  -2.22502  0.279501  0  0  1.677
124  1.25656  0.275689  0  0  1.65413
125  8.37837  0.277027  0  0  1.66216
126  -2.60725  0.278562  0  0  1.67137
127  -1.63578  0.280027  0  0  1.68016
128  10.7495  0.279933  0  0  1.6796
129  5.02741  0.276959  0  0  1.66175
130  15.9322  0.278419  0  0  1.67052
131  -8.56842  0.280211  0  0  1.68127
132  32.3829  0.271916  0  0  1.6315
133  0.368239  0.280443  0  0  1.68266
134  10.7774  0.278987  0  0  1.67392
135  -1.78809  0.28041  0  0  1.68246
136  12.0026  0.276702  0  0  1.66021
137  -17.6053  0.279782  0  0  1.67869
138  0.494143  0.280974  0  0  1.68584
139  9.44849  0.278737  0  0  1.67242
140  9.12181  0.278004  0  0  1.66802
141  4.01237  0.280138  0  0  1.68083
142  26.8373  0.276972  0  0  1.66183
143  -8.30073  0.27856  0  0  1.67136
144  18.1141  0.276535  0  0  1.65921
145  21.7576  0.278535  0  0  1.67121
146  14.7533  0.274932  0  0  1.64959
147  17.466  0.275444  0  0  1.65267
148  25.5003  0.279742  0  0  1.67845
149  18.997  0.276075  0  0  1.65645
150  -5.71913  0.280923  0  0  1.68554
151  4.15179  0.27971  0  0  1.67826
152  12.4788  0.276029  0  0  1.65617
153  10.4868  0.279563  0  0  1.67738
154  -0.437745  0.282042  0  0  1.69225
155  37.1984  0.275166  0  0  1.651
156  10.206  0.27843  0  0  1.67058
157  5.52414  0.278294  0  0  1.66976
158  35.6771  0.27611  0  0  1.65666
159  9.08341  0.278151  0  0  1.6689
160  40.0946  0.275144  0  0  1.65086
161  9.30386  0.28014  0  0  1.68084
162  0  0  0  0  0
163  0  0  0  0  0
164  0  0  0  0  0
165  0  0  0  0  0
166  0  0  0  0  0
167  0  0  0  0  0
168  0  0  0  0  0
169  0  0  0  0  0
170  0  0  0  0  0
171  0  0  0  0  0
172  0  0  0  0  0
173  0  0  0  0  0
174  0  0  0  0  0
