0  1.7316  0.279478  0  0  1.67687
1  45.977  0.279842  0  0  1.67905
2  18.8854  0.274968  0  0  1.64981
3  9.04609  0.272364  0  0  1.63418
4  9.74923  0.276154  0  0  1.65693
5  10.7172  0.271939  0  0  1.63164
6  22.2933  0.274895  0  0  1.64937
7  46.6541  0.265  0  0  1.59
8  25.2081  0.274648  0  0  1.64789
9  26.2146  0.269708  0  0  1.61825
10  14.8986  0.272254  0  0  1.63352
11  5.88433  0.274087  0  0  1.64452
12  17.4129  0.272096  0  0  1.63258
13  -10.0529  0.274261  0  0  1.64557
14  22.0084  0.265365  0  0  1.59219
15  13.6734  0.276836  0  0  1.66102
16  -0.132338  0.273089  0  0  1.63853
17  54.7572  0.269941  0  0  1.61964
18  10.0757  0.276148  0  0  1.65689
19  29.3536  0.280432  0  0  1.68259
20  4.82944  0.279056  0  0  1.67434
21  29.8338  0.270839  0  0  1.62503
22  8.6658  0.278206  0  0  1.66923
23  -1.41677  0.276335  0  0  1.65801
24  15.968  0.273488  0  0  1.64093
25  14.6299  0.276285  0  0  1.65771
26  9.21199  0.273321  0  0  1.63993
27  8.62289  0.269826  0  0  1.61896
28  21.7302  0.26967  0  0  1.61802
29  6.27354  0.271561  0  0  1.62936
30  0.474179  0.274172  0  0  1.64503
31  12.3976  0.268541  0  0  1.61124
32  18.4444  0.271029  0  0  1.62617
33  23.6954  0.298497  0  0  1.79098
34  15.542  0.271276  0  0  1.62766
35  7.60583  0.286728  0  0  1.72037
36  7.05349  0.273594  0  0  1.64156
37  11.9686  0.276578  0  0  1.65947
38  -3.42087  0.273444  0  0  1.64067
39  4.11922  0.274629  0  0  1.64777
40  8.00715  0.271062  0  0  1.62637
41  -1.37487  0.28666  0  0  1.71996
42  9.58689  0.278889  0  0  1.67334
43  -12.9234  0.2786  0  0  1.6716
44  29.3681  0.268218  0  0  1.60931
45  8.28576  0.268488  0  0  1.61093
46  8.36316  0.279029  0  0  1.67417
47  13.686  0.274484  0  0  1.6469
48  12.7174  0.278131  0  0  1.66879
49  -1.03402  0.284483  0  0  1.7069
50  -3.25021  0.275134  0  0  1.6508
51  41.8243  0.277557  0  0  1.66534
52  19.0372  0.273573  0  0  1.64144
53  5.32009  0.276471  0  0  1.65883
54  -5.31725  0.278113  0  0  1.66868
55  18.3976  0.271763  0  0  1.63058
56  9.0268  0.272965  0  0  1.63779
57  35.7903  0.269734  0  0  1.6184
58  0.0719657  0.275433  0  0  1.6526
59  17.477  0.271997  0  0  1.63198
60  10.5141  0.271625  0  0  1.62975
61  12.2024  0.276476  0  0  1.65886
62  -6.01217  0.279568  0  0  1.67741
63  9.50305  0.272451  0  0  1.63471
64  4.33161  0.272296  0  0  1.63377
65  21.99  0.265868  0  0  1.59521
66  27.4158  0.269386  0  0  1.61632
67  4.37934  0.274484  0  0  1.6469
68  10.3531  0.272673  0  0  1.63604
69  -17.3768  0.276845  0  0  1.66107
70  6.58136  0.273491  0  0  1.64095
71  13.7493  0.279044  0  0  1.67427
72  -9.85054  0.272503  0  0  1.63502
73  -3.34377  0.282417  0  0  1.6945
74  14.1339  0.268294  0  0  1.60976
75  -0.381155  0.275354  0  0  1.65212
76  0  0  0  0  0
77  11.5801  0.280933  0  0  1.6856
78  27.5025  0.272503  0  0  1.63502
79  9.13683  0.305492  0  0  1.83295
80  10.7948  0.26973  0  0  1.61838
81  11.1171  0.281273  0  0  1.68764
82  14.117  0.274736  0  0  1.64841
83  20.9363  0.270967  0  0  1.6258
84  -4.23035  0.271248  0  0  1.62749
85  17.7047  0.270523  0  0  1.62314
86  0  0  0  0  0
87  8.30786  0.274282  0  0  1.64569
88  2.89089  0.267433  0  0  1.6046
89  -4.04286  0.272032  0  0  1.63219
90  2.07156  0.269054  0  0  1.61432
91  14.9669  0.274398  0  0  1.64639
92  3.53855  0.273588  0  0  1.64153
93  13.5324  0.271892  0  0  1.63135
94  17.3487  0.274947  0  0  1.64968
95  11.3369  0.295739  0  0  1.77443
96  47.1182  0.272073  0  0  1.63244
97  18.4907  0.266383  0  0  1.5983
98  24.1465  0.271  0  0  1.626
99  18.5785  0.273726  0  0  1.64236
100  10.2781  0.27223  0  0  1.63338
101  22.0314  0.263386  0  0  1.58032
102  16.2395  0.267581  0  0  1.60549
103  25.4419  0.271826  0  0  1.63095
104  3.23423  0.265289  0  0  1.59173
105  -2.35048  0.271862  0  0  1.63117
106  16.3313  0.27287  0  0  1.63722
107  -5.58071  0.273883  0  0  1.6433
108  16.1128  0.268458  0  0  1.61075
109  3.13188  0.272993  0  0  1.63796
110  27.6774  0.276103  0  0  1.65662
111  18.8051  0.275011  0  0  1.65007
112  37.5346  0.273077  0  0  1.63846
113  -10.8367  0.275337  0  0  1.65202
114  25.9977  0.27562  0  0  1.65372
115  8.52783  0.272674  0  0  1.63604
116  0.631227  0.275867  0  0  1.6552
117  -2.77125  0.280692  0  0  1.68415
118  3.78456  0.274465  0  0  1.64679
119  -7.72894  0.277245  0  0  1.66347
120  -3.54458  0.273988  0  0  1.64393
121  8.46746  0.271906  0  0  1.63143
122  26.2351  0.271745  0  0  1.63047
123  -2.25967  0.272729  0  0  1.63637
124  16.799  0.268063  0  0  1.60838
125  3.30444  0.26827  0  0  1.60962
126  17.1681  0.27201  0  0  1.63206
127  7.53009  0.272734  0  0  1.6364
128  9.35854  0.274037  0  0  1.64422
129  18.1132  0.267435  0  0  1.60461
130  6.47996  0.271549  0  0  1.6293
131  7.80105  0.273258  0  0  1.63955
132  42.2021  0.268183  0  0  1.6091
133  4.20701  0.276758  0  0  1.66055
134  5.58223  0.273143  0  0  1.63886
135  4.26851  0.274662  0  0  1.64797
136  15.6583  0.269503  0  0  1.61702
137  -5.65128  0.276077  0  0  1.65646
138  -2.39556  0.274635  0  0  1.64781
139  19.9703  0.270753  0  0  1.62452
140  19.3873  0.277816  0  0  1.6669
141  4.38813  0.271703  0  0  1.63022
142  19.4067  0.271031  0  0  1.62618
143  6.7677  0.279392  0  0  1.67635
144  17.936  0.268913  0  0  1.61348
145  21.4318  0.279967  0  0  1.6798
146  13.0702  0.267235  0  0  1.60341
147  8.34872  0.271339  0  0  1.62803
148  24.0169  0.276501  0  0  1.65901
149  13.9337  0.272331  0  0  1.63399
150  -18.3419  0.276501  0  0  1.65901
151  1.73751  0.275967  0  0  1.6558
152  2.46423  0.265878  0  0  1.59527
153  6.23905  0.273848  0  0  1.64309
154  0.693524  0.275483  0  0  1.6529
155  33.7295  0.270021  0  0  1.62013
156  16.733  0.281381  0  0  1.68829
157  13.0008  0.269282  0  0  1.61569
158  51.0214  0.271189  0  0  1.62713
159  19.7415  0.278292  0  0  1.66975
160  32.6518  0.27326  0  0  1.63956
161  16.8881  0.274511  0  0  1.64707
162  0  0  0  0  0
163  0  0  0  0  0
164  0  0  0  0  0
165  0  0  0  0  0
166  0  0  0  0  0
167  0  0  0  0  0
168  0  0  0  0  0
169  0  0  0  0  0
170  0  0  0  0  0
171  0  0  0  0  0
172  0  0  0  0  0
173  0  0  0  0  0
174  0  0  0  0  0
