0  -2.55731  0.281637  2.47515e-07  0  1.68982
1  26.6083  0.28263  -3.8555e-07  0  1.69578
2  16.4463  0.277162  7.48386e-08  0  1.66297
3  9.76582  0.276321  4.43074e-07  0  1.65793
4  9.91867  0.278323  2.70488e-07  0  1.66994
5  16.2058  0.274017  1.41079e-07  0  1.6441
6  3.72576  0.27846  9.18152e-08  0  1.67076
7  36.6398  0.268769  -3.63646e-07  0  1.61261
8  15.0178  0.278925  1.60612e-07  0  1.67355
9  27.2105  0.270635  -2.63108e-07  0  1.62381
10  7.30036  0.27521  2.22415e-07  0  1.65126
11  4.4636  0.276883  2.11598e-07  0  1.6613
12  13.1023  0.275431  8.86837e-08  0  1.65258
13  -3.02784  0.275812  2.94149e-07  0  1.65487
14  11.5242  0.270508  7.51551e-08  0  1.62305
15  -7.29257  0.280595  3.58825e-07  0  1.68357
16  5.1986  0.27518  3.37305e-07  0  1.65108
17  47.6072  0.272412  -4.74671e-07  0  1.63447
18  4.04359  0.279414  2.78843e-07  0  1.67648
19  -1.36111  0.28755  2.5684e-07  0  1.7253
20  3.201  0.281842  5.00929e-07  0  1.69105
21  22.5942  0.273565  4.82652e-08  0  1.64139
22  7.91686  0.28065  2.99542e-07  0  1.6839
23  3.7366  0.27695  2.82935e-07  0  1.6617
24  8.62431  0.277169  2.51534e-07  0  1.66301
25  5.10251  0.279789  3.63036e-07  0  1.67873
26  8.27635  0.275663  4.9761e-07  0  1.65398
27  16.0063  0.272132  2.80427e-07  0  1.63279
28  16.0195  0.272765  2.49978e-08  0  1.63659
29  -4.55538  0.275457  6.39126e-07  0  1.65274
30  -1.31894  0.276455  5.16031e-07  0  1.65873
31  10.012  0.271199  1.21748e-07  0  1.6272
32  8.4796  0.274442  1.85529e-07  0  1.64665
33  6.8887  0.303408  -5.92483e-07  0  1.82045
34  2.37552  0.275036  2.53226e-07  0  1.65022
35  6.13078  0.290664  4.69561e-07  0  1.74399
36  -0.786369  0.276408  3.44253e-07  0  1.65845
37  6.50539  0.278585  3.587e-07  0  1.67151
38  -5.10034  0.275762  7.43248e-07  0  1.65457
39  3.3596  0.276393  3.66112e-07  0  1.65836
40  0.708235  0.274112  8.88459e-08  0  1.64467
41  -14.6252  0.289422  5.67362e-07  0  1.73653
42  -2.77237  0.281399  1.36865e-07  0  1.68839
43  -2.25389  0.278905  4.09059e-07  0  1.67343
44  28.5074  0.270354  -2.09686e-07  0  1.62212
45  10.1914  0.269877  4.60942e-07  0  1.61926
46  0.227796  0.282598  3.74081e-07  0  1.69559
47  -5.69849  0.278475  5.79562e-07  0  1.67085
48  12.2334  0.279192  2.67689e-07  0  1.67515
49  -0.673359  0.286173  3.87847e-07  0  1.71704
50  -1.49048  0.276945  3.44931e-07  0  1.66167
51  14.2805  0.282173  8.00408e-08  0  1.69304
52  24.0249  0.274578  1.4287e-07  0  1.64747
53  19.4226  0.277435  2.61709e-07  0  1.66461
54  -10.9156  0.280709  7.10361e-07  0  1.68425
55  18.8328  0.27432  2.69545e-07  0  1.64592
56  4.23493  0.276234  1.89244e-07  0  1.65741
57  48.3057  0.271156  -2.52432e-07  0  1.62693
58  -3.88367  0.277312  5.8401e-07  0  1.66387
59  17.4443  0.274041  1.75064e-07  0  1.64425
60  -1.38023  0.275423  1.49063e-07  0  1.65254
61  -4.59515  0.282181  4.72524e-07  0  1.69309
62  -5.0221  0.28168  4.15013e-07  0  1.69008
63  13.1404  0.274246  2.34476e-07  0  1.64548
64  -3.33076  0.275534  5.0281e-07  0  1.6532
65  30.8294  0.267907  1.54851e-07  0  1.60744
66  24.2573  0.271363  -1.22831e-08  0  1.62818
67  -10.5778  0.278204  4.7897e-07  0  1.66922
68  9.47967  0.275163  4.52097e-07  0  1.65098
69  -25.8219  0.280337  1.10936e-06  0  1.68202
70  -4.44359  0.277183  4.71118e-07  0  1.6631
71  7.81087  0.280882  6.01742e-07  0  1.68529
72  -4.28515  0.27393  2.58663e-07  0  1.64358
73  -16.1284  0.286778  8.47787e-07  0  1.72067
74  10.1954  0.272069  2.48647e-07  0  1.63241
75  5.9791  0.276873  4.49224e-07  0  1.66124
76  0  0  0  0  0
77  9.33724  0.282809  4.1941e-07  0  1.69685
78  19.9845  0.274725  7.8336e-08  0  1.64835
79  1.39771  0.307122  -4.94793e-07  0  1.84273
80  7.74368  0.271512  3.03302e-07  0  1.62907
81  3.65223  0.284202  2.63267e-07  0  1.70521
82  14.0586  0.276069  3.46976e-07  0  1.65642
83  8.84804  0.27471  2.90628e-07  0  1.64826
84  4.10314  0.272649  3.78922e-07  0  1.63589
85  17.8929  0.27227  3.54172e-07  0  1.63362
86  0  0  0  0  0
87  3.76177  0.276241  5.31194e-07  0  1.65745
88  6.30596  0.269523  2.93371e-07  0  1.61714
89  -0.427149  0.274295  5.72234e-07  0  1.64577
90  12.2723  0.27112  2.53855e-07  0  1.62672
91  17.0672  0.275432  1.04176e-07  0  1.65259
92  2.86639  0.27689  3.73946e-07  0  1.66134
93  14.0957  0.274758  1.61031e-07  0  1.64855
94  7.72181  0.278171  4.17638e-07  0  1.66903
95  2.40273  0.297635  6.00556e-07  0  1.78581
96  39.6043  0.275009  -2.01661e-07  0  1.65005
97  6.86019  0.271075  8.19651e-08  0  1.62645
98  5.11624  0.275606  1.55232e-07  0  1.65363
99  11.8742  0.276139  2.35087e-07  0  1.65684
100  5.4312  0.27524  1.01595e-08  0  1.65144
101  23.0543  0.266884  1.1598e-07  0  1.6013
102  9.10901  0.271585  2.7057e-07  0  1.62951
103  15.0151  0.274654  1.63292e-07  0  1.64792
104  4.59357  0.268526  3.34812e-07  0  1.61116
105  0.000779065  0.273379  4.64583e-07  0  1.64028
106  16.0861  0.274755  2.16324e-07  0  1.64853
107  -8.31418  0.275963  5.37668e-07  0  1.65578
108  6.13265  0.273555  3.38752e-07  0  1.64133
109  7.88357  0.275201  2.40148e-07  0  1.65121
110  19.7155  0.278587  7.6523e-08  0  1.67152
111  14.8945  0.277267  2.77144e-07  0  1.6636
112  27.2858  0.276343  -1.96036e-07  0  1.65806
113  -5.89611  0.277429  5.96501e-07  0  1.66457
114  -8.96519  0.282599  4.02226e-07  0  1.69559
115  3.01686  0.274979  2.76934e-07  0  1.64987
116  4.68348  0.277135  4.78238e-07  0  1.66281
117  -5.75484  0.281846  3.45424e-07  0  1.69108
118  -3.27064  0.277512  4.06628e-07  0  1.66507
119  -1.12715  0.278742  4.51095e-07  0  1.67245
120  -2.08647  0.276433  4.86615e-07  0  1.6586
121  -3.20571  0.274796  2.34663e-07  0  1.64878
122  25.7791  0.273398  -2.67664e-07  0  1.64039
123  0.310513  0.27477  2.94877e-07  0  1.64862
124  7.63363  0.270332  1.31861e-07  0  1.62199
125  6.09206  0.270309  3.82896e-07  0  1.62186
126  9.58348  0.275357  2.82731e-07  0  1.65214
127  4.1545  0.275405  4.17054e-07  0  1.65243
128  10.5428  0.27575  6.56378e-07  0  1.6545
129  14.3094  0.270574  2.9072e-07  0  1.62344
130  9.29416  0.274175  1.74302e-07  0  1.64505
131  4.50387  0.276047  3.46278e-07  0  1.65628
132  52.9489  0.268295  -3.98567e-07  0  1.60977
133  2.02427  0.278949  3.37338e-07  0  1.6737
134  2.24513  0.27625  2.00499e-07  0  1.6575
135  -0.928411  0.278239  3.97773e-07  0  1.66943
136  14.5088  0.272466  7.62045e-08  0  1.6348
137  -10.233  0.278095  3.65073e-07  0  1.66857
138  2.80621  0.276309  5.02485e-07  0  1.65785
139  11.9011  0.274478  2.33193e-07  0  1.64687
140  14.2618  0.280102  2.50093e-07  0  1.68061
141  3.95169  0.274606  4.89805e-07  0  1.64764
142  8.58161  0.274437  2.38596e-07  0  1.64662
143  17.4786  0.278403  2.87369e-08  0  1.67042
144  20.5156  0.271054  2.77079e-07  0  1.62633
145  21.3853  0.276679  1.10639e-07  0  1.66007
146  -3.99478  0.271485  2.15537e-07  0  1.62891
147  18.1591  0.271666  2.37392e-07  0  1.63
148  8.35382  0.280857  1.4968e-07  0  1.68514
149  4.01888  0.275563  2.05351e-07  0  1.65338
150  -11.4817  0.277616  7.42624e-07  0  1.6657
151  1.74794  0.278018  2.32178e-07  0  1.66811
152  0.852353  0.268735  1.48078e-07  0  1.61241
153  -6.56948  0.277376  2.45809e-07  0  1.66426
154  0.447873  0.278038  8.00669e-07  0  1.66823
155  17.9316  0.274138  -7.11584e-08  0  1.64483
156  3.58269  0.282515  3.5111e-07  0  1.69509
157  6.12582  0.273268  1.77082e-07  0  1.63961
158  47.5843  0.273711  -1.00749e-07  0  1.64227
159  15.9351  0.279524  1.64881e-07  0  1.67714
160  39.308  0.273212  -2.39062e-07  0  1.63927
161  4.31146  0.278161  2.06786e-07  0  1.66896
162  0  0  0  0  0
163  0  0  0  0  0
164  0  0  0  0  0
165  0  0  0  0  0
166  0  0  0  0  0
167  0  0  0  0  0
168  0  0  0  0  0
169  0  0  0  0  0
170  0  0  0  0  0
171  0  0  0  0  0
172  0  0  0  0  0
173  0  0  0  0  0
174  0  0  0  0  0
