0  -4.69654  0.281734  2.47515e-07  0  1.6904
1  32.2473  0.28192  -3.8555e-07  0  1.69152
2  21.977  0.276427  7.48386e-08  0  1.65856
3  2.98563  0.276331  4.43074e-07  0  1.65798
4  5.37247  0.27828  2.70488e-07  0  1.66968
5  15.2117  0.274284  1.41079e-07  0  1.6457
6  13.7105  0.27752  9.18152e-08  0  1.66512
7  38.3607  0.268019  -3.63646e-07  0  1.60811
8  12.3304  0.27937  1.60612e-07  0  1.67622
9  32.7046  0.271024  -2.63108e-07  0  1.62614
10  8.51909  0.275165  2.22415e-07  0  1.65099
11  -2.09076  0.277628  2.11598e-07  0  1.66577
12  14.3571  0.275659  8.86837e-08  0  1.65395
13  2.8255  0.274865  2.94149e-07  0  1.64919
14  7.36  0.27099  7.51551e-08  0  1.62594
15  4.72045  0.279154  3.58825e-07  0  1.67492
16  -3.47872  0.275977  3.37305e-07  0  1.65586
17  39.2733  0.273432  -4.74671e-07  0  1.64059
18  2.98658  0.279375  2.78843e-07  0  1.67625
19  5.32985  0.286754  2.5684e-07  0  1.72052
20  7.04558  0.281247  5.00929e-07  0  1.68748
21  20.1562  0.273358  4.82652e-08  0  1.64015
22  8.74155  0.280411  2.99542e-07  0  1.68247
23  -3.43056  0.277915  2.82935e-07  0  1.66749
24  9.86603  0.276826  2.51534e-07  0  1.66096
25  8.02385  0.279229  3.63036e-07  0  1.67538
26  -5.58745  0.27715  4.9761e-07  0  1.6629
27  11.511  0.272276  2.80427e-07  0  1.63366
28  20.3531  0.272107  2.49978e-08  0  1.63264
29  -11.0751  0.276245  6.39126e-07  0  1.65747
30  -0.290769  0.276045  5.16031e-07  0  1.65627
31  8.9811  0.271049  1.21748e-07  0  1.62629
32  13.0972  0.273862  1.85529e-07  0  1.64317
33  17.2308  0.302243  -5.92483e-07  0  1.81346
34  3.28681  0.275225  2.53226e-07  0  1.65135
35  -1.33203  0.2921  4.69561e-07  0  1.7526
36  6.32476  0.274977  3.44253e-07  0  1.64986
37  3.30308  0.278696  3.587e-07  0  1.67218
38  -4.63554  0.27546  7.43248e-07  0  1.65276
39  -0.191548  0.276273  3.66112e-07  0  1.65764
40  5.02135  0.273818  8.88459e-08  0  1.64291
41  -32.5673  0.290936  5.67362e-07  0  1.74562
42  8.35655  0.280114  1.36865e-07  0  1.68068
43  -7.1236  0.279239  4.09059e-07  0  1.67544
44  25.6334  0.269954  -2.09686e-07  0  1.61973
45  1.35909  0.27085  4.60942e-07  0  1.6251
46  0.155412  0.282541  3.74081e-07  0  1.69524
47  -1.52483  0.27787  5.79562e-07  0  1.66722
48  10.9841  0.27832  2.67689e-07  0  1.66992
49  1.32539  0.28537  3.87847e-07  0  1.71222
50  -6.98487  0.277377  3.44931e-07  0  1.66426
51  27.7869  0.280535  8.00408e-08  0  1.68321
52  19.7016  0.275131  1.4287e-07  0  1.65079
53  13.2946  0.278153  2.61709e-07  0  1.66892
54  -8.78401  0.280488  7.10361e-07  0  1.68293
55  13.2281  0.274953  2.69545e-07  0  1.64972
56  3.7389  0.275903  1.89244e-07  0  1.65542
57  39.791  0.272227  -2.52432e-07  0  1.63336
58  -3.50687  0.276752  5.8401e-07  0  1.66051
59  21.1883  0.273394  1.75064e-07  0  1.64036
60  2.522  0.275217  1.49063e-07  0  1.6513
61  -6.91276  0.279846  4.72524e-07  0  1.67908
62  -3.45438  0.281026  4.15013e-07  0  1.68615
63  10.7416  0.274008  2.34476e-07  0  1.64405
64  -0.408551  0.274973  5.0281e-07  0  1.64984
65  20.8709  0.269298  1.54851e-07  0  1.61579
66  24.6141  0.27131  -1.22831e-08  0  1.62786
67  -7.72281  0.277497  4.7897e-07  0  1.66498
68  6.82213  0.275349  4.52097e-07  0  1.6521
69  -30.1304  0.280826  1.10936e-06  0  1.68496
70  -7.66359  0.277743  4.71118e-07  0  1.66646
71  5.73026  0.280841  6.01742e-07  0  1.68505
72  -6.25793  0.27415  2.58663e-07  0  1.6449
73  -19.5996  0.285686  8.47787e-07  0  1.71411
74  9.30723  0.272329  2.48647e-07  0  1.63397
75  1.00775  0.277548  4.49224e-07  0  1.66529
76  0  0  0  0  0
77  0.686621  0.283618  4.1941e-07  0  1.70171
78  24.4409  0.273861  7.8336e-08  0  1.64317
79  4.54302  0.306725  -4.94793e-07  0  1.84035
80  6.47502  0.271804  3.03302e-07  0  1.63083
81  2.08552  0.284396  2.63267e-07  0  1.70638
82  9.75882  0.276166  3.46976e-07  0  1.657
83  5.13182  0.275006  2.90628e-07  0  1.65004
84  10.8474  0.271462  3.78922e-07  0  1.62877
85  10.9599  0.273065  3.54172e-07  0  1.63839
86  0  0  0  0  0
87  3.87606  0.276218  5.31194e-07  0  1.65731
88  0.370757  0.270009  2.93371e-07  0  1.62005
89  -2.66697  0.273875  5.72234e-07  0  1.64325
90  3.7284  0.271686  2.53855e-07  0  1.63011
91  9.9802  0.275917  1.04176e-07  0  1.6555
92  4.47284  0.276494  3.73946e-07  0  1.65896
93  19.4657  0.273899  1.61031e-07  0  1.64339
94  7.37569  0.27808  4.17638e-07  0  1.66848
95  -6.27112  0.29841  6.00556e-07  0  1.79046
96  36.2092  0.275524  -2.01661e-07  0  1.65314
97  12.4889  0.270097  8.19651e-08  0  1.62058
98  11.7066  0.274844  1.55232e-07  0  1.64906
99  16.8389  0.275175  2.35087e-07  0  1.65105
100  11.0529  0.274262  1.01595e-08  0  1.64557
101  14.4796  0.267625  1.1598e-07  0  1.60575
102  10.3003  0.271374  2.7057e-07  0  1.62825
103  16.0351  0.273814  1.63292e-07  0  1.64288
104  4.94248  0.268455  3.34812e-07  0  1.61073
105  -1.42486  0.273945  4.64583e-07  0  1.64367
106  12.1103  0.275165  2.16324e-07  0  1.65099
107  1.03202  0.274644  5.37668e-07  0  1.64786
108  15.5181  0.27237  3.38752e-07  0  1.63422
109  0.920126  0.275899  2.40148e-07  0  1.6554
110  21.756  0.278246  7.6523e-08  0  1.66947
111  16.8551  0.276832  2.77144e-07  0  1.66099
112  24.7503  0.276139  -1.96036e-07  0  1.65684
113  2.64016  0.275277  5.96501e-07  0  1.65166
114  -5.29354  0.281954  4.02226e-07  0  1.69173
115  3.58778  0.27382  2.76934e-07  0  1.64292
116  6.15759  0.27605  4.78238e-07  0  1.6563
117  2.74546  0.280501  3.45424e-07  0  1.683
118  -2.7829  0.27744  4.06628e-07  0  1.66464
119  -10.4588  0.2794  4.51095e-07  0  1.6764
120  -0.144052  0.275946  4.86615e-07  0  1.65568
121  2.04581  0.273376  2.34663e-07  0  1.64026
122  23.9489  0.273444  -2.67664e-07  0  1.64067
123  -8.78173  0.275511  2.94877e-07  0  1.65306
124  8.25587  0.270507  1.31861e-07  0  1.62304
125  4.60021  0.270114  3.82896e-07  0  1.62069
126  11.7837  0.274531  2.82731e-07  0  1.64718
127  3.87311  0.275206  4.17054e-07  0  1.65124
128  7.01553  0.27546  6.56378e-07  0  1.65276
129  9.61573  0.271013  2.9072e-07  0  1.62608
130  8.22898  0.274592  1.74302e-07  0  1.64755
131  -0.441862  0.276392  3.46278e-07  0  1.65835
132  37.7808  0.270021  -3.98567e-07  0  1.62012
133  9.97917  0.277802  3.37338e-07  0  1.66681
134  4.90121  0.275858  2.00499e-07  0  1.65515
135  -0.886013  0.277722  3.97773e-07  0  1.66633
136  10.8526  0.272898  7.62045e-08  0  1.63739
137  -5.87125  0.27757  3.65073e-07  0  1.66542
138  -1.02215  0.276081  5.02485e-07  0  1.65649
139  17.5609  0.273281  2.33193e-07  0  1.63969
140  9.74584  0.280291  2.50093e-07  0  1.68175
141  7.46504  0.274221  4.89805e-07  0  1.64533
142  14.6818  0.274294  2.38596e-07  0  1.64576
143  9.735  0.280333  2.87369e-08  0  1.682
144  11.3823  0.271264  2.77079e-07  0  1.62758
145  19.0056  0.276136  1.10639e-07  0  1.65681
146  2.37699  0.270567  2.15537e-07  0  1.6234
147  13.5324  0.271839  2.37392e-07  0  1.63103
148  6.61937  0.281157  1.4968e-07  0  1.68694
149  15.6161  0.274376  2.05351e-07  0  1.64626
150  -19.5824  0.277889  7.42624e-07  0  1.66733
151  7.47529  0.276853  2.32178e-07  0  1.66112
152  6.78035  0.268274  1.48078e-07  0  1.60965
153  8.05866  0.275341  2.45809e-07  0  1.65205
154  -5.96355  0.278526  8.00669e-07  0  1.67116
155  34.8902  0.272258  -7.11584e-08  0  1.63355
156  0.0478712  0.281844  3.5111e-07  0  1.69106
157  -0.955842  0.273832  1.77082e-07  0  1.64299
158  47.8187  0.273337  -1.00749e-07  0  1.64002
159  8.76941  0.280033  1.64881e-07  0  1.6802
160  36.0112  0.274471  -2.39062e-07  0  1.64683
161  7.7715  0.277599  2.06786e-07  0  1.66559
162  0  0  0  0  0
163  0  0  0  0  0
164  0  0  0  0  0
165  0  0  0  0  0
166  0  0  0  0  0
167  0  0  0  0  0
168  0  0  0  0  0
169  0  0  0  0  0
170  0  0  0  0  0
171  0  0  0  0  0
172  0  0  0  0  0
173  0  0  0  0  0
174  0  0  0  0  0
