0  1.68072  0.27953  2.47515e-07  0  1.67718
1  41.0314  0.280157  -3.8555e-07  0  1.68094
2  21.9116  0.274482  7.48386e-08  0  1.64689
3  12.3448  0.271724  4.43074e-07  0  1.63034
4  13.4932  0.275777  2.70488e-07  0  1.65466
5  10.3795  0.272393  1.41079e-07  0  1.63436
6  17.2655  0.275646  9.18152e-08  0  1.65388
7  40.2885  0.26603  -3.63646e-07  0  1.59618
8  24.2049  0.275124  1.60612e-07  0  1.65074
9  36.1399  0.268208  -2.63108e-07  0  1.60925
10  20.24  0.270939  2.22415e-07  0  1.62564
11  2.09601  0.274487  2.11598e-07  0  1.64692
12  16.1489  0.272284  8.86837e-08  0  1.6337
13  1.25416  0.272978  2.94149e-07  0  1.63787
14  15.2604  0.265852  7.51551e-08  0  1.59511
15  11.246  0.277452  3.58825e-07  0  1.66471
16  -15.779  0.275186  3.37305e-07  0  1.65112
17  50.3367  0.270672  -4.74671e-07  0  1.62403
18  17.5963  0.275268  2.78843e-07  0  1.65161
19  23.8226  0.281459  2.5684e-07  0  1.68875
20  15.9625  0.278382  5.00929e-07  0  1.67029
21  25.764  0.271663  4.82652e-08  0  1.62998
22  12.1084  0.27797  2.99542e-07  0  1.66782
23  0.000974523  0.276129  2.82935e-07  0  1.65678
24  21.1078  0.272903  2.51534e-07  0  1.63742
25  8.50103  0.276798  3.63036e-07  0  1.66079
26  12.1607  0.273442  4.9761e-07  0  1.64065
27  -0.103755  0.271587  2.80427e-07  0  1.62952
28  19.6342  0.270098  2.49978e-08  0  1.62059
29  -5.29242  0.27315  6.39126e-07  0  1.6389
30  1.04349  0.27414  5.16031e-07  0  1.64484
31  9.25731  0.268656  1.21748e-07  0  1.61194
32  13.4597  0.271812  1.85529e-07  0  1.63087
33  8.94279  0.301488  -5.92483e-07  0  1.80893
34  7.10982  0.271858  2.53226e-07  0  1.63115
35  -4.1007  0.288475  4.69561e-07  0  1.73085
36  0.959388  0.274248  3.44253e-07  0  1.64549
37  11.4359  0.274742  3.587e-07  0  1.64845
38  6.23213  0.272265  7.43248e-07  0  1.63359
39  4.69392  0.274555  3.66112e-07  0  1.64733
40  15.0455  0.270253  8.88459e-08  0  1.62152
41  -21.5657  0.289754  5.67362e-07  0  1.73853
42  17.3081  0.278067  1.36865e-07  0  1.6684
43  -7.64913  0.277689  4.09059e-07  0  1.66613
44  19.4641  0.269894  -2.09686e-07  0  1.61937
45  0.388059  0.269404  4.60942e-07  0  1.61642
46  9.04296  0.278967  3.74081e-07  0  1.6738
47  5.03577  0.275343  5.79562e-07  0  1.65206
48  12.6863  0.276065  2.67689e-07  0  1.65639
49  13.4689  0.283471  3.87847e-07  0  1.70083
50  2.42089  0.274671  3.44931e-07  0  1.64803
51  36.5248  0.278291  8.00408e-08  0  1.66975
52  14.909  0.274324  1.4287e-07  0  1.64595
53  15.8778  0.274999  2.61709e-07  0  1.64999
54  -7.84544  0.27838  7.10361e-07  0  1.67028
55  0.305699  0.273887  2.69545e-07  0  1.64332
56  6.95018  0.273722  1.89244e-07  0  1.64233
57  44.4278  0.268389  -2.52432e-07  0  1.61033
58  -8.14369  0.276682  5.8401e-07  0  1.66009
59  11.1166  0.272856  1.75064e-07  0  1.63714
60  8.19781  0.272063  1.49063e-07  0  1.63238
61  4.07832  0.277757  4.72524e-07  0  1.66654
62  7.65697  0.278483  4.15013e-07  0  1.6709
63  10.1895  0.272099  2.34476e-07  0  1.6326
64  -2.10879  0.273051  5.0281e-07  0  1.6383
65  24.8583  0.265546  1.54851e-07  0  1.59328
66  37.4997  0.267916  -1.22831e-08  0  1.6075
67  1.58337  0.275131  4.7897e-07  0  1.65078
68  6.46844  0.273512  4.52097e-07  0  1.64107
69  -25.6716  0.27819  1.10936e-06  0  1.66914
70  -5.79753  0.274898  4.71118e-07  0  1.64939
71  1.23824  0.280607  6.01742e-07  0  1.68364
72  -1.39484  0.271041  2.58663e-07  0  1.62624
73  1.91301  0.281903  8.47787e-07  0  1.69142
74  7.94606  0.269171  2.48647e-07  0  1.61502
75  3.82358  0.27498  4.49224e-07  0  1.64988
76  0  0  0  0  0
77  1.72412  0.281815  4.1941e-07  0  1.69089
78  21.234  0.273422  7.8336e-08  0  1.64053
79  -0.103905  0.306766  -4.94793e-07  0  1.84059
80  16.4278  0.268936  3.03302e-07  0  1.61362
81  15.9508  0.280832  2.63267e-07  0  1.68499
82  11.795  0.275109  3.46976e-07  0  1.65065
83  14.6063  0.271572  2.90628e-07  0  1.62943
84  6.58043  0.269833  3.78922e-07  0  1.619
85  22.0985  0.269792  3.54172e-07  0  1.61875
86  0  0  0  0  0
87  4.63723  0.274565  5.31194e-07  0  1.64739
88  19.5099  0.265668  2.93371e-07  0  1.59401
89  -0.695001  0.271776  5.72234e-07  0  1.63065
90  16.0594  0.26733  2.53855e-07  0  1.60398
91  11.1346  0.274735  1.04176e-07  0  1.64841
92  -3.72  0.27451  3.73946e-07  0  1.64706
93  24.2138  0.270434  1.61031e-07  0  1.6226
94  2.80938  0.276623  4.17638e-07  0  1.65974
95  7.96841  0.295952  6.00556e-07  0  1.77571
96  33.9934  0.273287  -2.01661e-07  0  1.63972
97  16.277  0.266845  8.19651e-08  0  1.60107
98  16.5524  0.272034  1.55232e-07  0  1.6322
99  31.6864  0.272215  2.35087e-07  0  1.63329
100  13.4589  0.272041  1.01595e-08  0  1.63225
101  25.1043  0.263132  1.1598e-07  0  1.57879
102  8.43779  0.268776  2.7057e-07  0  1.61266
103  13.2109  0.272809  1.63292e-07  0  1.63685
104  4.58724  0.2651  3.34812e-07  0  1.5906
105  2.08296  0.271418  4.64583e-07  0  1.62851
106  16.7041  0.272764  2.16324e-07  0  1.63658
107  -16.4399  0.275213  5.37668e-07  0  1.65128
108  12.4884  0.268755  3.38752e-07  0  1.61253
109  4.847  0.272739  2.40148e-07  0  1.63643
110  19.1366  0.277057  7.6523e-08  0  1.66234
111  30.3867  0.274022  2.77144e-07  0  1.64413
112  40.6764  0.272872  -1.96036e-07  0  1.63723
113  17.6785  0.272499  5.96501e-07  0  1.635
114  23.526  0.27562  4.02226e-07  0  1.65372
115  14.9409  0.272198  2.76934e-07  0  1.63319
116  5.92431  0.274071  4.78238e-07  0  1.64443
117  -4.47942  0.280744  3.45424e-07  0  1.68447
118  13.0268  0.273341  4.06628e-07  0  1.64005
119  -5.51059  0.276751  4.51095e-07  0  1.66051
120  9.1019  0.272569  4.86615e-07  0  1.63541
121  6.88731  0.272774  2.34663e-07  0  1.63664
122  17.938  0.272751  -2.67664e-07  0  1.6365
123  -4.00908  0.272632  2.94877e-07  0  1.63579
124  4.86182  0.269301  1.31861e-07  0  1.61581
125  9.12255  0.267644  3.82896e-07  0  1.60587
126  20.58  0.271917  2.82731e-07  0  1.6315
127  9.25099  0.272426  4.17054e-07  0  1.63456
128  16.09  0.27279  6.56378e-07  0  1.63674
129  19.3132  0.266813  2.9072e-07  0  1.60088
130  -2.92267  0.272794  1.74302e-07  0  1.63676
131  9.5889  0.272685  3.46278e-07  0  1.63611
132  34.2748  0.268022  -3.98567e-07  0  1.60813
133  7.82181  0.276269  3.37338e-07  0  1.65761
134  7.18935  0.27335  2.00499e-07  0  1.6401
135  3.14408  0.274393  3.97773e-07  0  1.64636
136  24.2015  0.268127  7.62045e-08  0  1.60876
137  -11.1285  0.27686  3.65073e-07  0  1.66116
138  1.35953  0.27418  5.02485e-07  0  1.64508
139  19.7097  0.270518  2.33193e-07  0  1.62311
140  18.6416  0.27805  2.50093e-07  0  1.6683
141  1.23769  0.272194  4.89805e-07  0  1.63317
142  21.6246  0.270755  2.38596e-07  0  1.62453
143  21.5576  0.277943  2.87369e-08  0  1.66766
144  16.7027  0.26889  2.77079e-07  0  1.61334
145  18.9336  0.280382  1.10639e-07  0  1.68229
146  11.6479  0.267783  2.15537e-07  0  1.6067
147  9.62793  0.271281  2.37392e-07  0  1.62769
148  7.23677  0.277973  1.4968e-07  0  1.66784
149  12.2668  0.272586  2.05351e-07  0  1.63551
150  -16.4946  0.276335  7.42624e-07  0  1.65801
151  7.6366  0.275408  2.32178e-07  0  1.65245
152  6.07866  0.265262  1.48078e-07  0  1.59157
153  9.25584  0.273614  2.45809e-07  0  1.64169
154  3.25437  0.274923  8.00669e-07  0  1.64954
155  32.7417  0.270047  -7.11584e-08  0  1.62028
156  16.1642  0.281384  3.5111e-07  0  1.6883
157  3.90565  0.270854  1.77082e-07  0  1.62512
158  51.7227  0.271211  -1.00749e-07  0  1.62727
159  -0.693439  0.28044  1.64881e-07  0  1.68264
160  31.9829  0.273541  -2.39062e-07  0  1.64125
161  11.4219  0.275336  2.06786e-07  0  1.65202
162  0  0  0  0  0
163  0  0  0  0  0
164  0  0  0  0  0
165  0  0  0  0  0
166  0  0  0  0  0
167  0  0  0  0  0
168  0  0  0  0  0
169  0  0  0  0  0
170  0  0  0  0  0
171  0  0  0  0  0
172  0  0  0  0  0
173  0  0  0  0  0
174  0  0  0  0  0
