0  6.28683  0.278274  2.47515e-07  0  1.66965
1  46.5765  0.279499  -3.8555e-07  0  1.67699
2  33.3293  0.272416  7.48386e-08  0  1.6345
3  11.2751  0.27137  4.43074e-07  0  1.62822
4  1.92431  0.276706  2.70488e-07  0  1.66023
5  2.55405  0.272486  1.41079e-07  0  1.63492
6  19.797  0.274813  9.18152e-08  0  1.64888
7  41.3992  0.265288  -3.63646e-07  0  1.59173
8  21.4054  0.275015  1.60612e-07  0  1.65009
9  22.5751  0.270943  -2.63108e-07  0  1.62566
10  5.09898  0.272783  2.22415e-07  0  1.6367
11  8.06616  0.273472  2.11598e-07  0  1.64083
12  16.6388  0.271931  8.86837e-08  0  1.63159
13  3.75899  0.271786  2.94149e-07  0  1.63071
14  10.4562  0.266587  7.51551e-08  0  1.59952
15  6.63649  0.277359  3.58825e-07  0  1.66416
16  9.87412  0.271419  3.37305e-07  0  1.62851
17  45.0936  0.270952  -4.74671e-07  0  1.62571
18  15.2073  0.275318  2.78843e-07  0  1.65191
19  5.34379  0.283119  2.5684e-07  0  1.69871
20  8.51683  0.278632  5.00929e-07  0  1.67179
21  20.7989  0.271888  4.82652e-08  0  1.63133
22  11.7503  0.277853  2.99542e-07  0  1.66712
23  5.22794  0.27498  2.82935e-07  0  1.64988
24  12.9784  0.273582  2.51534e-07  0  1.64149
25  6.69602  0.277047  3.63036e-07  0  1.66228
26  1.28346  0.27377  4.9761e-07  0  1.64262
27  19.8893  0.268219  2.80427e-07  0  1.60931
28  18.042  0.270083  2.49978e-08  0  1.6205
29  -0.725587  0.272224  6.39126e-07  0  1.63334
30  5.62049  0.273579  5.16031e-07  0  1.64148
31  7.17067  0.26885  1.21748e-07  0  1.6131
32  17.5852  0.271075  1.85529e-07  0  1.62645
33  17.4308  0.300059  -5.92483e-07  0  1.80035
34  8.50687  0.271485  2.53226e-07  0  1.62891
35  -3.2791  0.28809  4.69561e-07  0  1.72854
36  10.9823  0.27258  3.44253e-07  0  1.63548
37  7.76954  0.276952  3.587e-07  0  1.66171
38  2.95892  0.27203  7.43248e-07  0  1.63218
39  4.44688  0.274287  3.66112e-07  0  1.64572
40  21.5517  0.269754  8.88459e-08  0  1.61852
41  -7.95827  0.287579  5.67362e-07  0  1.72547
42  24.3681  0.276921  1.36865e-07  0  1.66153
43  -17.8185  0.279033  4.09059e-07  0  1.6742
44  24.8535  0.268222  -2.09686e-07  0  1.60933
45  4.81751  0.271081  4.60942e-07  0  1.62649
46  12.4795  0.278439  3.74081e-07  0  1.67064
47  16.4928  0.273765  5.79562e-07  0  1.64259
48  9.30602  0.278205  2.67689e-07  0  1.66923
49  6.29799  0.283979  3.87847e-07  0  1.70387
50  5.82044  0.27405  3.44931e-07  0  1.6443
51  26.4995  0.27939  8.00408e-08  0  1.67634
52  22.4627  0.27291  1.4287e-07  0  1.63746
53  10.7143  0.275794  2.61709e-07  0  1.65476
54  -2.27971  0.277534  7.10361e-07  0  1.66521
55  13.9137  0.27204  2.69545e-07  0  1.63224
56  7.36777  0.273221  1.89244e-07  0  1.63933
57  49.9491  0.267707  -2.52432e-07  0  1.60624
58  7.89115  0.27441  5.8401e-07  0  1.64646
59  17.623  0.27153  1.75064e-07  0  1.62918
60  5.99361  0.272099  1.49063e-07  0  1.63259
61  8.25099  0.276983  4.72524e-07  0  1.6619
62  4.06647  0.27806  4.15013e-07  0  1.66836
63  7.15827  0.272081  2.34476e-07  0  1.63248
64  4.34244  0.272005  5.0281e-07  0  1.63203
65  24.291  0.265233  1.54851e-07  0  1.5914
66  29.6855  0.268616  -1.22831e-08  0  1.61169
67  -1.42581  0.275245  4.7897e-07  0  1.65147
68  5.39313  0.273009  4.52097e-07  0  1.63805
69  -21.2532  0.277163  1.10936e-06  0  1.66298
70  -2.94661  0.274502  4.71118e-07  0  1.64701
71  14.5782  0.278558  6.01742e-07  0  1.67135
72  -5.68256  0.272187  2.58663e-07  0  1.63312
73  -10.8097  0.283063  8.47787e-07  0  1.69838
74  8.43652  0.268613  2.48647e-07  0  1.61168
75  0.121117  0.275361  4.49224e-07  0  1.65217
76  0  0  0  0  0
77  7.62151  0.28106  4.1941e-07  0  1.68636
78  19.0198  0.273463  7.8336e-08  0  1.64078
79  6.09619  0.305463  -4.94793e-07  0  1.83278
80  17.8815  0.268661  3.03302e-07  0  1.61197
81  11.2397  0.281223  2.63267e-07  0  1.68734
82  10.0049  0.275082  3.46976e-07  0  1.65049
83  14.2325  0.271629  2.90628e-07  0  1.62977
84  3.33478  0.270309  3.78922e-07  0  1.62186
85  18.3631  0.2696  3.54172e-07  0  1.6176
86  0  0  0  0  0
87  1.27409  0.27493  5.31194e-07  0  1.64958
88  -0.144344  0.267235  2.93371e-07  0  1.60341
89  -2.03037  0.271478  5.72234e-07  0  1.62887
90  27.7647  0.265271  2.53855e-07  0  1.59162
91  17.1385  0.2738  1.04176e-07  0  1.6428
92  5.75155  0.273725  3.73946e-07  0  1.64235
93  20.7026  0.270771  1.61031e-07  0  1.62463
94  9.28212  0.275542  4.17638e-07  0  1.65325
95  3.5583  0.296762  6.00556e-07  0  1.78057
96  43.2616  0.272282  -2.01661e-07  0  1.63369
97  14.3423  0.266479  8.19651e-08  0  1.59887
98  16.4252  0.272148  1.55232e-07  0  1.63289
99  20.1207  0.273586  2.35087e-07  0  1.64151
100  7.04449  0.272499  1.01595e-08  0  1.635
101  18.9805  0.263758  1.1598e-07  0  1.58255
102  12.068  0.267921  2.7057e-07  0  1.60752
103  19.584  0.271467  1.63292e-07  0  1.6288
104  8.10249  0.264371  3.34812e-07  0  1.58623
105  14.6048  0.269435  4.64583e-07  0  1.61661
106  3.99334  0.273956  2.16324e-07  0  1.64373
107  -2.9583  0.273187  5.37668e-07  0  1.63912
108  17.6296  0.268426  3.38752e-07  0  1.61056
109  7.97187  0.272054  2.40148e-07  0  1.63233
110  21.7049  0.276868  7.6523e-08  0  1.66121
111  17.352  0.274408  2.77144e-07  0  1.64645
112  39.3753  0.272487  -1.96036e-07  0  1.63492
113  4.22105  0.273457  5.96501e-07  0  1.64074
114  19.1934  0.276337  4.02226e-07  0  1.65802
115  -6.91216  0.274105  2.76934e-07  0  1.64463
116  13.0832  0.273532  4.78238e-07  0  1.64119
117  -2.86438  0.280183  3.45424e-07  0  1.6811
118  0.779957  0.274397  4.06628e-07  0  1.64638
119  -5.55881  0.276591  4.51095e-07  0  1.65955
120  -1.10754  0.273525  4.86615e-07  0  1.64115
121  5.33972  0.271702  2.34663e-07  0  1.63021
122  31.0911  0.271023  -2.67664e-07  0  1.62614
123  -10.1667  0.273446  2.94877e-07  0  1.64068
124  5.61807  0.26839  1.31861e-07  0  1.61034
125  12.505  0.266789  3.82896e-07  0  1.60073
126  24.6196  0.271107  2.82731e-07  0  1.62664
127  15.1621  0.271586  4.17054e-07  0  1.62952
128  6.57216  0.273715  6.56378e-07  0  1.64229
129  14.3687  0.267445  2.9072e-07  0  1.60467
130  11.6722  0.271161  1.74302e-07  0  1.62696
131  6.80455  0.272982  3.46278e-07  0  1.63789
132  56.1406  0.266557  -3.98567e-07  0  1.59934
133  13.7273  0.275337  3.37338e-07  0  1.65202
134  7.21106  0.272981  2.00499e-07  0  1.63789
135  2.11243  0.27503  3.97773e-07  0  1.65018
136  22.2396  0.268988  7.62045e-08  0  1.61393
137  -0.196627  0.275091  3.65073e-07  0  1.65055
138  -5.46146  0.27451  5.02485e-07  0  1.64706
139  14.0838  0.271441  2.33193e-07  0  1.62865
140  13.5955  0.278099  2.50093e-07  0  1.66859
141  1.6096  0.271974  4.89805e-07  0  1.63184
142  23.3219  0.270352  2.38596e-07  0  1.62211
143  8.35119  0.279594  2.87369e-08  0  1.67756
144  16.1924  0.26859  2.77079e-07  0  1.61154
145  20.7517  0.279769  1.10639e-07  0  1.67862
146  11.6924  0.267189  2.15537e-07  0  1.60313
147  20.547  0.269623  2.37392e-07  0  1.61774
148  4.59793  0.2788  1.4968e-07  0  1.6728
149  19.7412  0.271836  2.05351e-07  0  1.63102
150  -24.087  0.277171  7.42624e-07  0  1.66303
151  7.65401  0.275251  2.32178e-07  0  1.65151
152  -3.7762  0.265914  1.48078e-07  0  1.59548
153  7.99291  0.272983  2.45809e-07  0  1.6379
154  7.03271  0.2745  8.00669e-07  0  1.647
155  40.7924  0.269069  -7.11584e-08  0  1.61442
156  18.0964  0.280892  3.5111e-07  0  1.68535
157  0.0166514  0.270893  1.77082e-07  0  1.62536
158  51.996  0.271091  -1.00749e-07  0  1.62654
159  16.2159  0.278165  1.64881e-07  0  1.66899
160  37.0207  0.273362  -2.39062e-07  0  1.64017
161  16.55  0.274525  2.06786e-07  0  1.64715
162  0  0  0  0  0
163  0  0  0  0  0
164  0  0  0  0  0
165  0  0  0  0  0
166  0  0  0  0  0
167  0  0  0  0  0
168  0  0  0  0  0
169  0  0  0  0  0
170  0  0  0  0  0
171  0  0  0  0  0
172  0  0  0  0  0
173  0  0  0  0  0
174  0  0  0  0  0
